0.0 1.0 Pedestrian -1.0 -1.0 -1.0 -1.0 -1.0 -1.0 -1.0 -1.0 -1.0 -1.0 6.510411878293992 -1.0 2.504061140815735 -1.0
0.0 2.0 Pedestrian -1.0 -1.0 -1.0 -1.0 -1.0 -1.0 -1.0 -1.0 -1.0 -1.0 6.893778112298364 -1.0 0.31279429620321747 -1.0
0.0 3.0 Pedestrian -1.0 -1.0 -1.0 -1.0 -1.0 -1.0 -1.0 -1.0 -1.0 -1.0 6.967470725707532 -1.0 -0.8834671351494789 -1.0
1.0 1.0 Pedestrian -1.0 -1.0 -1.0 -1.0 -1.0 -1.0 -1.0 -1.0 -1.0 -1.0 6.414896399254265 -1.0 2.4656025333850735 -1.0
1.0 2.0 Pedestrian -1.0 -1.0 -1.0 -1.0 -1.0 -1.0 -1.0 -1.0 -1.0 -1.0 6.901996965108954 -1.0 0.34877509499019266 -1.0
1.0 3.0 Pedestrian -1.0 -1.0 -1.0 -1.0 -1.0 -1.0 -1.0 -1.0 -1.0 -1.0 6.9537499947966825 -1.0 -0.8084387631752274 -1.0
2.0 1.0 Pedestrian -1.0 -1.0 -1.0 -1.0 -1.0 -1.0 -1.0 -1.0 -1.0 -1.0 6.4168677815469115 -1.0 2.466599887374188 -1.0
2.0 2.0 Pedestrian -1.0 -1.0 -1.0 -1.0 -1.0 -1.0 -1.0 -1.0 -1.0 -1.0 6.949638964107592 -1.0 -0.8214969341297687 -1.0
2.0 3.0 Pedestrian -1.0 -1.0 -1.0 -1.0 -1.0 -1.0 -1.0 -1.0 -1.0 -1.0 6.9468899723423805 -1.0 -0.7709264528036203 -1.0
3.0 1.0 Pedestrian -1.0 -1.0 -1.0 -1.0 -1.0 -1.0 -1.0 -1.0 -1.0 -1.0 6.496477895687727 -1.0 2.4986478024751375 -1.0
3.0 2.0 Pedestrian -1.0 -1.0 -1.0 -1.0 -1.0 -1.0 -1.0 -1.0 -1.0 -1.0 6.996029393740798 -1.0 -1.9576063897974094 -1.0
3.0 3.0 Pedestrian -1.0 -1.0 -1.0 -1.0 -1.0 -1.0 -1.0 -1.0 -1.0 -1.0 6.963371451922813 -1.0 -0.8455593704641523 -1.0
3.0 4.0 Pedestrian -1.0 -1.0 -1.0 -1.0 -1.0 -1.0 -1.0 -1.0 -1.0 -1.0 6.903134927277039 -1.0 0.31329749483364444 -1.0
4.0 1.0 Pedestrian -1.0 -1.0 -1.0 -1.0 -1.0 -1.0 -1.0 -1.0 -1.0 -1.0 6.516344377643868 -1.0 2.506279927289325 -1.0
4.0 2.0 Pedestrian -1.0 -1.0 -1.0 -1.0 -1.0 -1.0 -1.0 -1.0 -1.0 -1.0 6.97023096487644 -1.0 -1.0138015754591967 -1.0
4.0 3.0 Pedestrian -1.0 -1.0 -1.0 -1.0 -1.0 -1.0 -1.0 -1.0 -1.0 -1.0 6.968067794917101 -1.0 -0.8635701038335237 -1.0
4.0 4.0 Pedestrian -1.0 -1.0 -1.0 -1.0 -1.0 -1.0 -1.0 -1.0 -1.0 -1.0 6.903134927277039 -1.0 0.31329749483364444 -1.0
5.0 1.0 Pedestrian -1.0 -1.0 -1.0 -1.0 -1.0 -1.0 -1.0 -1.0 -1.0 -1.0 6.529979921922082 -1.0 2.5120144859182876 -1.0
5.0 2.0 Pedestrian -1.0 -1.0 -1.0 -1.0 -1.0 -1.0 -1.0 -1.0 -1.0 -1.0 6.9729508950155905 -1.0 -1.0224206837281506 -1.0
5.0 3.0 Pedestrian -1.0 -1.0 -1.0 -1.0 -1.0 -1.0 -1.0 -1.0 -1.0 -1.0 6.912232667484861 -1.0 0.14435161709657385 -1.0
5.0 4.0 Pedestrian -1.0 -1.0 -1.0 -1.0 -1.0 -1.0 -1.0 -1.0 -1.0 -1.0 6.903134927277039 -1.0 0.31329749483364444 -1.0
6.0 1.0 Pedestrian -1.0 -1.0 -1.0 -1.0 -1.0 -1.0 -1.0 -1.0 -1.0 -1.0 6.5431283103819196 -1.0 2.496378521967121 -1.0
6.0 2.0 Pedestrian -1.0 -1.0 -1.0 -1.0 -1.0 -1.0 -1.0 -1.0 -1.0 -1.0 6.976244925326694 -1.0 -1.0546696953437493 -1.0
6.0 3.0 Pedestrian -1.0 -1.0 -1.0 -1.0 -1.0 -1.0 -1.0 -1.0 -1.0 -1.0 6.897327181888905 -1.0 0.3836052331561897 -1.0
6.0 4.0 Pedestrian -1.0 -1.0 -1.0 -1.0 -1.0 -1.0 -1.0 -1.0 -1.0 -1.0 6.903134927277039 -1.0 0.31329749483364444 -1.0
7.0 1.0 Pedestrian -1.0 -1.0 -1.0 -1.0 -1.0 -1.0 -1.0 -1.0 -1.0 -1.0 6.541206734463032 -1.0 2.3533547961126007 -1.0
7.0 2.0 Pedestrian -1.0 -1.0 -1.0 -1.0 -1.0 -1.0 -1.0 -1.0 -1.0 -1.0 6.969444259957288 -1.0 -1.0465038529006512 -1.0
7.0 3.0 Pedestrian -1.0 -1.0 -1.0 -1.0 -1.0 -1.0 -1.0 -1.0 -1.0 -1.0 6.89233627408991 -1.0 0.5036173947817706 -1.0
7.0 4.0 Pedestrian -1.0 -1.0 -1.0 -1.0 -1.0 -1.0 -1.0 -1.0 -1.0 -1.0 6.903134927277039 -1.0 0.31329749483364444 -1.0
8.0 1.0 Pedestrian -1.0 -1.0 -1.0 -1.0 -1.0 -1.0 -1.0 -1.0 -1.0 -1.0 6.657546084015974 -1.0 2.184647666518046 -1.0
8.0 2.0 Pedestrian -1.0 -1.0 -1.0 -1.0 -1.0 -1.0 -1.0 -1.0 -1.0 -1.0 6.969736988029639 -1.0 -1.0645708672468823 -1.0
8.0 3.0 Pedestrian -1.0 -1.0 -1.0 -1.0 -1.0 -1.0 -1.0 -1.0 -1.0 -1.0 6.880615734945346 -1.0 0.7424003334725499 -1.0
8.0 5.0 Pedestrian -1.0 -1.0 -1.0 -1.0 -1.0 -1.0 -1.0 -1.0 -1.0 -1.0 6.718271671077369 -1.0 1.9576707647429705 -1.0
9.0 1.0 Pedestrian -1.0 -1.0 -1.0 -1.0 -1.0 -1.0 -1.0 -1.0 -1.0 -1.0 6.809686865344081 -1.0 0.870075763630634 -1.0
9.0 2.0 Pedestrian -1.0 -1.0 -1.0 -1.0 -1.0 -1.0 -1.0 -1.0 -1.0 -1.0 6.845781716652089 -1.0 -0.12105965022102438 -1.0
9.0 3.0 Pedestrian -1.0 -1.0 -1.0 -1.0 -1.0 -1.0 -1.0 -1.0 -1.0 -1.0 6.868895195800782 -1.0 0.9811832721633291 -1.0
9.0 5.0 Pedestrian -1.0 -1.0 -1.0 -1.0 -1.0 -1.0 -1.0 -1.0 -1.0 -1.0 6.718271671077369 -1.0 1.9576707647429705 -1.0
9.0 6.0 Pedestrian -1.0 -1.0 -1.0 -1.0 -1.0 -1.0 -1.0 -1.0 -1.0 -1.0 6.774870513414024 -1.0 1.3714972982617617 -1.0
10.0 1.0 Pedestrian -1.0 -1.0 -1.0 -1.0 -1.0 -1.0 -1.0 -1.0 -1.0 -1.0 6.87738248111448 -1.0 0.5685038365041644 -1.0
10.0 2.0 Pedestrian -1.0 -1.0 -1.0 -1.0 -1.0 -1.0 -1.0 -1.0 -1.0 -1.0 6.822149485881536 -1.0 0.00569138492963156 -1.0
10.0 3.0 Pedestrian -1.0 -1.0 -1.0 -1.0 -1.0 -1.0 -1.0 -1.0 -1.0 -1.0 6.857174656656218 -1.0 1.2199662108541083 -1.0
10.0 5.0 Pedestrian -1.0 -1.0 -1.0 -1.0 -1.0 -1.0 -1.0 -1.0 -1.0 -1.0 6.718271671077369 -1.0 1.9576707647429705 -1.0
10.0 6.0 Pedestrian -1.0 -1.0 -1.0 -1.0 -1.0 -1.0 -1.0 -1.0 -1.0 -1.0 6.774870513414024 -1.0 1.3714972982617617 -1.0
10.0 7.0 Pedestrian -1.0 -1.0 -1.0 -1.0 -1.0 -1.0 -1.0 -1.0 -1.0 -1.0 6.758767981735231 -1.0 0.6522848174219131 -1.0
11.0 1.0 Pedestrian -1.0 -1.0 -1.0 -1.0 -1.0 -1.0 -1.0 -1.0 -1.0 -1.0 6.931061931237883 -1.0 0.16753397464590433 -1.0
11.0 2.0 Pedestrian -1.0 -1.0 -1.0 -1.0 -1.0 -1.0 -1.0 -1.0 -1.0 -1.0 6.810018537905347 -1.0 0.006867872582459328 -1.0
11.0 3.0 Pedestrian -1.0 -1.0 -1.0 -1.0 -1.0 -1.0 -1.0 -1.0 -1.0 -1.0 6.845454117511654 -1.0 1.4587491495448877 -1.0
11.0 5.0 Pedestrian -1.0 -1.0 -1.0 -1.0 -1.0 -1.0 -1.0 -1.0 -1.0 -1.0 6.718271671077369 -1.0 1.9576707647429705 -1.0
11.0 6.0 Pedestrian -1.0 -1.0 -1.0 -1.0 -1.0 -1.0 -1.0 -1.0 -1.0 -1.0 6.774870513414024 -1.0 1.3714972982617617 -1.0
11.0 7.0 Pedestrian -1.0 -1.0 -1.0 -1.0 -1.0 -1.0 -1.0 -1.0 -1.0 -1.0 6.758767981735231 -1.0 0.6522848174219131 -1.0
11.0 8.0 Pedestrian -1.0 -1.0 -1.0 -1.0 -1.0 -1.0 -1.0 -1.0 -1.0 -1.0 6.9288442946315705 -1.0 -0.12413334700825807 -1.0
12.0 1.0 Pedestrian -1.0 -1.0 -1.0 -1.0 -1.0 -1.0 -1.0 -1.0 -1.0 -1.0 6.971440663824786 -1.0 -0.21112717677449946 -1.0
12.0 2.0 Pedestrian -1.0 -1.0 -1.0 -1.0 -1.0 -1.0 -1.0 -1.0 -1.0 -1.0 6.788697355557631 -1.0 0.10838616933931364 -1.0
12.0 3.0 Pedestrian -1.0 -1.0 -1.0 -1.0 -1.0 -1.0 -1.0 -1.0 -1.0 -1.0 6.91124190897576 -1.0 -0.09092282452454814 -1.0
12.0 5.0 Pedestrian -1.0 -1.0 -1.0 -1.0 -1.0 -1.0 -1.0 -1.0 -1.0 -1.0 6.718271671077369 -1.0 1.9576707647429705 -1.0
12.0 6.0 Pedestrian -1.0 -1.0 -1.0 -1.0 -1.0 -1.0 -1.0 -1.0 -1.0 -1.0 6.774870513414024 -1.0 1.3714972982617617 -1.0
12.0 7.0 Pedestrian -1.0 -1.0 -1.0 -1.0 -1.0 -1.0 -1.0 -1.0 -1.0 -1.0 6.758767981735231 -1.0 0.6522848174219131 -1.0
12.0 8.0 Pedestrian -1.0 -1.0 -1.0 -1.0 -1.0 -1.0 -1.0 -1.0 -1.0 -1.0 6.9288442946315705 -1.0 -0.12413334700825807 -1.0
12.0 9.0 Pedestrian -1.0 -1.0 -1.0 -1.0 -1.0 -1.0 -1.0 -1.0 -1.0 -1.0 6.883808363588095 -1.0 -0.757002020100832 -1.0
13.0 1.0 Pedestrian -1.0 -1.0 -1.0 -1.0 -1.0 -1.0 -1.0 -1.0 -1.0 -1.0 7.029629746079609 -1.0 -0.5643331974664396 -1.0
13.0 10.0 Pedestrian -1.0 -1.0 -1.0 -1.0 -1.0 -1.0 -1.0 -1.0 -1.0 -1.0 6.965181491918921 -1.0 -1.4423317655612231 -1.0
13.0 11.0 Pedestrian -1.0 -1.0 -1.0 -1.0 -1.0 -1.0 -1.0 -1.0 -1.0 -1.0 6.964967189630865 -1.0 -1.1084029691964388 -1.0
13.0 2.0 Pedestrian -1.0 -1.0 -1.0 -1.0 -1.0 -1.0 -1.0 -1.0 -1.0 -1.0 6.767376173209915 -1.0 0.20990446609616795 -1.0
13.0 3.0 Pedestrian -1.0 -1.0 -1.0 -1.0 -1.0 -1.0 -1.0 -1.0 -1.0 -1.0 6.928382319365161 -1.0 -0.6140588821167752 -1.0
13.0 6.0 Pedestrian -1.0 -1.0 -1.0 -1.0 -1.0 -1.0 -1.0 -1.0 -1.0 -1.0 6.774870513414024 -1.0 1.3714972982617617 -1.0
13.0 7.0 Pedestrian -1.0 -1.0 -1.0 -1.0 -1.0 -1.0 -1.0 -1.0 -1.0 -1.0 6.758767981735231 -1.0 0.6522848174219131 -1.0
13.0 8.0 Pedestrian -1.0 -1.0 -1.0 -1.0 -1.0 -1.0 -1.0 -1.0 -1.0 -1.0 6.9288442946315705 -1.0 -0.12413334700825807 -1.0
13.0 9.0 Pedestrian -1.0 -1.0 -1.0 -1.0 -1.0 -1.0 -1.0 -1.0 -1.0 -1.0 6.883808363588095 -1.0 -0.757002020100832 -1.0
14.0 1.0 Pedestrian -1.0 -1.0 -1.0 -1.0 -1.0 -1.0 -1.0 -1.0 -1.0 -1.0 6.9990426119257325 -1.0 -0.3123389959395525 -1.0
14.0 10.0 Pedestrian -1.0 -1.0 -1.0 -1.0 -1.0 -1.0 -1.0 -1.0 -1.0 -1.0 6.965181491918921 -1.0 -1.4423317655612231 -1.0
14.0 11.0 Pedestrian -1.0 -1.0 -1.0 -1.0 -1.0 -1.0 -1.0 -1.0 -1.0 -1.0 6.964967189630865 -1.0 -1.1084029691964388 -1.0
14.0 2.0 Pedestrian -1.0 -1.0 -1.0 -1.0 -1.0 -1.0 -1.0 -1.0 -1.0 -1.0 6.7674281104419265 -1.0 -0.9405116505756793 -1.0
14.0 3.0 Pedestrian -1.0 -1.0 -1.0 -1.0 -1.0 -1.0 -1.0 -1.0 -1.0 -1.0 6.957311369715185 -1.0 -1.0000924347276996 -1.0
14.0 7.0 Pedestrian -1.0 -1.0 -1.0 -1.0 -1.0 -1.0 -1.0 -1.0 -1.0 -1.0 6.758767981735231 -1.0 0.6522848174219131 -1.0
14.0 8.0 Pedestrian -1.0 -1.0 -1.0 -1.0 -1.0 -1.0 -1.0 -1.0 -1.0 -1.0 6.9288442946315705 -1.0 -0.12413334700825807 -1.0
14.0 9.0 Pedestrian -1.0 -1.0 -1.0 -1.0 -1.0 -1.0 -1.0 -1.0 -1.0 -1.0 6.883808363588095 -1.0 -0.757002020100832 -1.0
15.0 1.0 Pedestrian -1.0 -1.0 -1.0 -1.0 -1.0 -1.0 -1.0 -1.0 -1.0 -1.0 6.978004505736265 -1.0 -0.19794864855778188 -1.0
15.0 10.0 Pedestrian -1.0 -1.0 -1.0 -1.0 -1.0 -1.0 -1.0 -1.0 -1.0 -1.0 6.965181491918921 -1.0 -1.4423317655612231 -1.0
15.0 11.0 Pedestrian -1.0 -1.0 -1.0 -1.0 -1.0 -1.0 -1.0 -1.0 -1.0 -1.0 6.964967189630865 -1.0 -1.1084029691964388 -1.0
15.0 2.0 Pedestrian -1.0 -1.0 -1.0 -1.0 -1.0 -1.0 -1.0 -1.0 -1.0 -1.0 6.851264777126568 -1.0 -0.9557057139712976 -1.0
15.0 3.0 Pedestrian -1.0 -1.0 -1.0 -1.0 -1.0 -1.0 -1.0 -1.0 -1.0 -1.0 6.857860888280618 -1.0 -1.3675823825187474 -1.0
15.0 8.0 Pedestrian -1.0 -1.0 -1.0 -1.0 -1.0 -1.0 -1.0 -1.0 -1.0 -1.0 6.9288442946315705 -1.0 -0.12413334700825807 -1.0
15.0 9.0 Pedestrian -1.0 -1.0 -1.0 -1.0 -1.0 -1.0 -1.0 -1.0 -1.0 -1.0 6.883808363588095 -1.0 -0.757002020100832 -1.0
16.0 1.0 Pedestrian -1.0 -1.0 -1.0 -1.0 -1.0 -1.0 -1.0 -1.0 -1.0 -1.0 6.94856369790122 -1.0 -0.8943453107839567 -1.0
16.0 10.0 Pedestrian -1.0 -1.0 -1.0 -1.0 -1.0 -1.0 -1.0 -1.0 -1.0 -1.0 6.965181491918921 -1.0 -1.4423317655612231 -1.0
16.0 11.0 Pedestrian -1.0 -1.0 -1.0 -1.0 -1.0 -1.0 -1.0 -1.0 -1.0 -1.0 6.964967189630865 -1.0 -1.1084029691964388 -1.0
16.0 2.0 Pedestrian -1.0 -1.0 -1.0 -1.0 -1.0 -1.0 -1.0 -1.0 -1.0 -1.0 6.873011495808335 -1.0 -0.4916947894020549 -1.0
16.0 3.0 Pedestrian -1.0 -1.0 -1.0 -1.0 -1.0 -1.0 -1.0 -1.0 -1.0 -1.0 6.903785074409552 -1.0 -1.5666222144387996 -1.0
16.0 9.0 Pedestrian -1.0 -1.0 -1.0 -1.0 -1.0 -1.0 -1.0 -1.0 -1.0 -1.0 6.883808363588095 -1.0 -0.757002020100832 -1.0
17.0 1.0 Pedestrian -1.0 -1.0 -1.0 -1.0 -1.0 -1.0 -1.0 -1.0 -1.0 -1.0 6.965071175743227 -1.0 -1.165224194705627 -1.0
17.0 10.0 Pedestrian -1.0 -1.0 -1.0 -1.0 -1.0 -1.0 -1.0 -1.0 -1.0 -1.0 6.965181491918921 -1.0 -1.4423317655612231 -1.0
17.0 11.0 Pedestrian -1.0 -1.0 -1.0 -1.0 -1.0 -1.0 -1.0 -1.0 -1.0 -1.0 6.964967189630865 -1.0 -1.1084029691964388 -1.0
17.0 12.0 Pedestrian -1.0 -1.0 -1.0 -1.0 -1.0 -1.0 -1.0 -1.0 -1.0 -1.0 6.8862925650599465 -1.0 0.3123917326638149 -1.0
17.0 2.0 Pedestrian -1.0 -1.0 -1.0 -1.0 -1.0 -1.0 -1.0 -1.0 -1.0 -1.0 6.845611208662179 -1.0 -0.9504539272637524 -1.0
17.0 3.0 Pedestrian -1.0 -1.0 -1.0 -1.0 -1.0 -1.0 -1.0 -1.0 -1.0 -1.0 6.935584318045651 -1.0 -1.6469819435980606 -1.0
18.0 1.0 Pedestrian -1.0 -1.0 -1.0 -1.0 -1.0 -1.0 -1.0 -1.0 -1.0 -1.0 6.986802810109795 -1.0 -1.3888100204766227 -1.0
18.0 12.0 Pedestrian -1.0 -1.0 -1.0 -1.0 -1.0 -1.0 -1.0 -1.0 -1.0 -1.0 6.8862925650599465 -1.0 0.3123917326638149 -1.0
18.0 2.0 Pedestrian -1.0 -1.0 -1.0 -1.0 -1.0 -1.0 -1.0 -1.0 -1.0 -1.0 6.886633461192062 -1.0 -1.286495993768986 -1.0
18.0 3.0 Pedestrian -1.0 -1.0 -1.0 -1.0 -1.0 -1.0 -1.0 -1.0 -1.0 -1.0 6.9243237724619755 -1.0 -1.0006023175976666 -1.0
19.0 1.0 Pedestrian -1.0 -1.0 -1.0 -1.0 -1.0 -1.0 -1.0 -1.0 -1.0 -1.0 6.981961519079199 -1.0 -1.5132125993521308 -1.0
19.0 12.0 Pedestrian -1.0 -1.0 -1.0 -1.0 -1.0 -1.0 -1.0 -1.0 -1.0 -1.0 6.8862925650599465 -1.0 0.3123917326638149 -1.0
19.0 2.0 Pedestrian -1.0 -1.0 -1.0 -1.0 -1.0 -1.0 -1.0 -1.0 -1.0 -1.0 6.8949498894855825 -1.0 -0.7684387549658616 -1.0
19.0 3.0 Pedestrian -1.0 -1.0 -1.0 -1.0 -1.0 -1.0 -1.0 -1.0 -1.0 -1.0 6.92652983460404 -1.0 -0.9926636689795514 -1.0
20.0 1.0 Pedestrian -1.0 -1.0 -1.0 -1.0 -1.0 -1.0 -1.0 -1.0 -1.0 -1.0 6.982855853900382 -1.0 -1.3796508211264848 -1.0
20.0 12.0 Pedestrian -1.0 -1.0 -1.0 -1.0 -1.0 -1.0 -1.0 -1.0 -1.0 -1.0 6.8862925650599465 -1.0 0.3123917326638149 -1.0
20.0 2.0 Pedestrian -1.0 -1.0 -1.0 -1.0 -1.0 -1.0 -1.0 -1.0 -1.0 -1.0 6.923115650818446 -1.0 -0.794692168565264 -1.0
20.0 3.0 Pedestrian -1.0 -1.0 -1.0 -1.0 -1.0 -1.0 -1.0 -1.0 -1.0 -1.0 6.9033632328799746 -1.0 -0.3456493185287005 -1.0
21.0 1.0 Pedestrian -1.0 -1.0 -1.0 -1.0 -1.0 -1.0 -1.0 -1.0 -1.0 -1.0 6.980152717525268 -1.0 -1.291129746823164 -1.0
21.0 12.0 Pedestrian -1.0 -1.0 -1.0 -1.0 -1.0 -1.0 -1.0 -1.0 -1.0 -1.0 6.8862925650599465 -1.0 0.3123917326638149 -1.0
21.0 2.0 Pedestrian -1.0 -1.0 -1.0 -1.0 -1.0 -1.0 -1.0 -1.0 -1.0 -1.0 6.915638760557631 -1.0 -0.72922880011638 -1.0
21.0 3.0 Pedestrian -1.0 -1.0 -1.0 -1.0 -1.0 -1.0 -1.0 -1.0 -1.0 -1.0 6.895192037158842 -1.0 0.013505568280453129 -1.0
22.0 1.0 Pedestrian -1.0 -1.0 -1.0 -1.0 -1.0 -1.0 -1.0 -1.0 -1.0 -1.0 6.950892069043952 -1.0 -1.080604882565625 -1.0
22.0 2.0 Pedestrian -1.0 -1.0 -1.0 -1.0 -1.0 -1.0 -1.0 -1.0 -1.0 -1.0 6.9105027021794285 -1.0 -0.32219942079056557 -1.0
22.0 3.0 Pedestrian -1.0 -1.0 -1.0 -1.0 -1.0 -1.0 -1.0 -1.0 -1.0 -1.0 6.891153944053758 -1.0 0.19683416148556498 -1.0
23.0 1.0 Pedestrian -1.0 -1.0 -1.0 -1.0 -1.0 -1.0 -1.0 -1.0 -1.0 -1.0 6.934480472266037 -1.0 -0.8679632499632776 -1.0
23.0 2.0 Pedestrian -1.0 -1.0 -1.0 -1.0 -1.0 -1.0 -1.0 -1.0 -1.0 -1.0 6.9094069372123785 -1.0 -0.025046686073368463 -1.0
23.0 3.0 Pedestrian -1.0 -1.0 -1.0 -1.0 -1.0 -1.0 -1.0 -1.0 -1.0 -1.0 6.887115850948674 -1.0 0.38016275469067684 -1.0
24.0 1.0 Pedestrian -1.0 -1.0 -1.0 -1.0 -1.0 -1.0 -1.0 -1.0 -1.0 -1.0 6.928396790821384 -1.0 -0.6870364398564242 -1.0
24.0 2.0 Pedestrian -1.0 -1.0 -1.0 -1.0 -1.0 -1.0 -1.0 -1.0 -1.0 -1.0 6.90855016419681 -1.0 0.202321256891361 -1.0
24.0 3.0 Pedestrian -1.0 -1.0 -1.0 -1.0 -1.0 -1.0 -1.0 -1.0 -1.0 -1.0 6.88307775784359 -1.0 0.5634913478957887 -1.0
25.0 1.0 Pedestrian -1.0 -1.0 -1.0 -1.0 -1.0 -1.0 -1.0 -1.0 -1.0 -1.0 6.918955233785497 -1.0 -0.5232957207070388 -1.0
25.0 2.0 Pedestrian -1.0 -1.0 -1.0 -1.0 -1.0 -1.0 -1.0 -1.0 -1.0 -1.0 6.90782416473339 -1.0 0.3440157098395982 -1.0
25.0 3.0 Pedestrian -1.0 -1.0 -1.0 -1.0 -1.0 -1.0 -1.0 -1.0 -1.0 -1.0 6.879039664738506 -1.0 0.7468199411009006 -1.0
26.0 1.0 Pedestrian -1.0 -1.0 -1.0 -1.0 -1.0 -1.0 -1.0 -1.0 -1.0 -1.0 6.908754095742354 -1.0 -0.3778968595568112 -1.0
26.0 2.0 Pedestrian -1.0 -1.0 -1.0 -1.0 -1.0 -1.0 -1.0 -1.0 -1.0 -1.0 6.908282427790849 -1.0 0.417772110220124 -1.0
