0.0 1.0 Pedestrian -1.0 -1.0 -1.0 -1.0 -1.0 -1.0 -1.0 -1.0 -1.0 -1.0 5.577136473783732 -1.0 3.4343536975958346 -1.0
0.0 2.0 Pedestrian -1.0 -1.0 -1.0 -1.0 -1.0 -1.0 -1.0 -1.0 -1.0 -1.0 5.637183732757093 -1.0 -1.7598117007651328 -1.0
0.0 3.0 Pedestrian -1.0 -1.0 -1.0 -1.0 -1.0 -1.0 -1.0 -1.0 -1.0 -1.0 6.902973389370379 -1.0 0.34901104819617795 -1.0
0.0 4.0 Pedestrian -1.0 -1.0 -1.0 -1.0 -1.0 -1.0 -1.0 -1.0 -1.0 -1.0 6.041284750435709 -1.0 -1.514651491186738 -1.0
1.0 1.0 Pedestrian -1.0 -1.0 -1.0 -1.0 -1.0 -1.0 -1.0 -1.0 -1.0 -1.0 5.672341422228865 -1.0 3.2906785420701086 -1.0
1.0 2.0 Pedestrian -1.0 -1.0 -1.0 -1.0 -1.0 -1.0 -1.0 -1.0 -1.0 -1.0 6.124670831664855 -1.0 -1.7419604926150631 -1.0
1.0 3.0 Pedestrian -1.0 -1.0 -1.0 -1.0 -1.0 -1.0 -1.0 -1.0 -1.0 -1.0 6.8992506738096235 -1.0 0.34878793089968235 -1.0
1.0 4.0 Pedestrian -1.0 -1.0 -1.0 -1.0 -1.0 -1.0 -1.0 -1.0 -1.0 -1.0 6.133058492925722 -1.0 -1.640336303308696 -1.0
1.0 5.0 Pedestrian -1.0 -1.0 -1.0 -1.0 -1.0 -1.0 -1.0 -1.0 -1.0 -1.0 6.3298071516969205 -1.0 -1.392594000133753 -1.0
2.0 1.0 Pedestrian -1.0 -1.0 -1.0 -1.0 -1.0 -1.0 -1.0 -1.0 -1.0 -1.0 5.727101476959286 -1.0 3.2018458926743594 -1.0
2.0 2.0 Pedestrian -1.0 -1.0 -1.0 -1.0 -1.0 -1.0 -1.0 -1.0 -1.0 -1.0 6.421261861014036 -1.0 -1.734988877328868 -1.0
2.0 3.0 Pedestrian -1.0 -1.0 -1.0 -1.0 -1.0 -1.0 -1.0 -1.0 -1.0 -1.0 6.896073559924271 -1.0 0.3836330190780919 -1.0
2.0 4.0 Pedestrian -1.0 -1.0 -1.0 -1.0 -1.0 -1.0 -1.0 -1.0 -1.0 -1.0 6.6203663434073805 -1.0 -1.4033741275117533 -1.0
2.0 5.0 Pedestrian -1.0 -1.0 -1.0 -1.0 -1.0 -1.0 -1.0 -1.0 -1.0 -1.0 6.3298071516969205 -1.0 -1.392594000133753 -1.0
3.0 1.0 Pedestrian -1.0 -1.0 -1.0 -1.0 -1.0 -1.0 -1.0 -1.0 -1.0 -1.0 5.817379321445809 -1.0 3.0684776326921974 -1.0
3.0 2.0 Pedestrian -1.0 -1.0 -1.0 -1.0 -1.0 -1.0 -1.0 -1.0 -1.0 -1.0 6.472286889940243 -1.0 -1.7335683809531541 -1.0
3.0 3.0 Pedestrian -1.0 -1.0 -1.0 -1.0 -1.0 -1.0 -1.0 -1.0 -1.0 -1.0 6.810459185937998 -1.0 -0.8765159595078479 -1.0
3.0 4.0 Pedestrian -1.0 -1.0 -1.0 -1.0 -1.0 -1.0 -1.0 -1.0 -1.0 -1.0 6.856959824733184 -1.0 -1.2114549293909798 -1.0
3.0 5.0 Pedestrian -1.0 -1.0 -1.0 -1.0 -1.0 -1.0 -1.0 -1.0 -1.0 -1.0 6.3298071516969205 -1.0 -1.392594000133753 -1.0
4.0 1.0 Pedestrian -1.0 -1.0 -1.0 -1.0 -1.0 -1.0 -1.0 -1.0 -1.0 -1.0 5.917407902888165 -1.0 2.9015569348051033 -1.0
4.0 2.0 Pedestrian -1.0 -1.0 -1.0 -1.0 -1.0 -1.0 -1.0 -1.0 -1.0 -1.0 6.663744281359442 -1.0 -1.7096868967194125 -1.0
4.0 3.0 Pedestrian -1.0 -1.0 -1.0 -1.0 -1.0 -1.0 -1.0 -1.0 -1.0 -1.0 6.781284792818523 -1.0 -1.6748432186320228 -1.0
4.0 4.0 Pedestrian -1.0 -1.0 -1.0 -1.0 -1.0 -1.0 -1.0 -1.0 -1.0 -1.0 7.047383274967487 -1.0 -1.1580486853483734 -1.0
4.0 5.0 Pedestrian -1.0 -1.0 -1.0 -1.0 -1.0 -1.0 -1.0 -1.0 -1.0 -1.0 6.798678900325039 -1.0 -1.4736048968428281 -1.0
4.0 6.0 Pedestrian -1.0 -1.0 -1.0 -1.0 -1.0 -1.0 -1.0 -1.0 -1.0 -1.0 6.989611271012425 -1.0 -1.295867371467948 -1.0
5.0 1.0 Pedestrian -1.0 -1.0 -1.0 -1.0 -1.0 -1.0 -1.0 -1.0 -1.0 -1.0 6.022690695449274 -1.0 2.776069792993071 -1.0
5.0 2.0 Pedestrian -1.0 -1.0 -1.0 -1.0 -1.0 -1.0 -1.0 -1.0 -1.0 -1.0 6.917693237258322 -1.0 -1.683819603194001 -1.0
5.0 3.0 Pedestrian -1.0 -1.0 -1.0 -1.0 -1.0 -1.0 -1.0 -1.0 -1.0 -1.0 6.738970587232018 -1.0 -2.4372373242805057 -1.0
5.0 4.0 Pedestrian -1.0 -1.0 -1.0 -1.0 -1.0 -1.0 -1.0 -1.0 -1.0 -1.0 7.124022568826298 -1.0 -1.3016883208240286 -1.0
5.0 5.0 Pedestrian -1.0 -1.0 -1.0 -1.0 -1.0 -1.0 -1.0 -1.0 -1.0 -1.0 6.939343237918926 -1.0 -1.4979086518820488 -1.0
5.0 6.0 Pedestrian -1.0 -1.0 -1.0 -1.0 -1.0 -1.0 -1.0 -1.0 -1.0 -1.0 6.989611271012425 -1.0 -1.295867371467948 -1.0
5.0 7.0 Pedestrian -1.0 -1.0 -1.0 -1.0 -1.0 -1.0 -1.0 -1.0 -1.0 -1.0 6.892684737189763 -1.0 0.3483944004810676 -1.0
6.0 1.0 Pedestrian -1.0 -1.0 -1.0 -1.0 -1.0 -1.0 -1.0 -1.0 -1.0 -1.0 6.309476221237452 -1.0 2.737535886919763 -1.0
6.0 2.0 Pedestrian -1.0 -1.0 -1.0 -1.0 -1.0 -1.0 -1.0 -1.0 -1.0 -1.0 7.020381454292023 -1.0 -1.5638205442226636 -1.0
6.0 3.0 Pedestrian -1.0 -1.0 -1.0 -1.0 -1.0 -1.0 -1.0 -1.0 -1.0 -1.0 6.885248718131651 -1.0 -1.4383446379884566 -1.0
6.0 4.0 Pedestrian -1.0 -1.0 -1.0 -1.0 -1.0 -1.0 -1.0 -1.0 -1.0 -1.0 7.100629463782018 -1.0 -0.4002832355273027 -1.0
6.0 5.0 Pedestrian -1.0 -1.0 -1.0 -1.0 -1.0 -1.0 -1.0 -1.0 -1.0 -1.0 7.080007575512814 -1.0 -1.5222124069212695 -1.0
6.0 6.0 Pedestrian -1.0 -1.0 -1.0 -1.0 -1.0 -1.0 -1.0 -1.0 -1.0 -1.0 6.989611271012425 -1.0 -1.295867371467948 -1.0
6.0 7.0 Pedestrian -1.0 -1.0 -1.0 -1.0 -1.0 -1.0 -1.0 -1.0 -1.0 -1.0 6.892684737189763 -1.0 0.3483944004810676 -1.0
7.0 1.0 Pedestrian -1.0 -1.0 -1.0 -1.0 -1.0 -1.0 -1.0 -1.0 -1.0 -1.0 6.462548585357578 -1.0 2.487139362508493 -1.0
7.0 2.0 Pedestrian -1.0 -1.0 -1.0 -1.0 -1.0 -1.0 -1.0 -1.0 -1.0 -1.0 7.19050566260328 -1.0 -1.5175835078792002 -1.0
7.0 3.0 Pedestrian -1.0 -1.0 -1.0 -1.0 -1.0 -1.0 -1.0 -1.0 -1.0 -1.0 6.934264467559032 -1.0 -1.5100758556104232 -1.0
7.0 4.0 Pedestrian -1.0 -1.0 -1.0 -1.0 -1.0 -1.0 -1.0 -1.0 -1.0 -1.0 7.077583136505604 -1.0 0.09273808332361622 -1.0
7.0 5.0 Pedestrian -1.0 -1.0 -1.0 -1.0 -1.0 -1.0 -1.0 -1.0 -1.0 -1.0 7.220671913106701 -1.0 -1.5465161619604901 -1.0
7.0 6.0 Pedestrian -1.0 -1.0 -1.0 -1.0 -1.0 -1.0 -1.0 -1.0 -1.0 -1.0 6.989611271012425 -1.0 -1.295867371467948 -1.0
7.0 7.0 Pedestrian -1.0 -1.0 -1.0 -1.0 -1.0 -1.0 -1.0 -1.0 -1.0 -1.0 6.892684737189763 -1.0 0.3483944004810676 -1.0
7.0 8.0 Pedestrian -1.0 -1.0 -1.0 -1.0 -1.0 -1.0 -1.0 -1.0 -1.0 -1.0 6.968399158872247 -1.0 -0.8836068137959241 -1.0
8.0 1.0 Pedestrian -1.0 -1.0 -1.0 -1.0 -1.0 -1.0 -1.0 -1.0 -1.0 -1.0 6.663101943510125 -1.0 2.387918229948775 -1.0
8.0 2.0 Pedestrian -1.0 -1.0 -1.0 -1.0 -1.0 -1.0 -1.0 -1.0 -1.0 -1.0 7.121714708656568 -1.0 -1.3625660350735973 -1.0
8.0 3.0 Pedestrian -1.0 -1.0 -1.0 -1.0 -1.0 -1.0 -1.0 -1.0 -1.0 -1.0 6.92138973853873 -1.0 -0.7675747263192896 -1.0
8.0 4.0 Pedestrian -1.0 -1.0 -1.0 -1.0 -1.0 -1.0 -1.0 -1.0 -1.0 -1.0 7.1771196527099725 -1.0 0.43248952947052915 -1.0
8.0 5.0 Pedestrian -1.0 -1.0 -1.0 -1.0 -1.0 -1.0 -1.0 -1.0 -1.0 -1.0 7.361336250700588 -1.0 -1.5708199169997108 -1.0
8.0 6.0 Pedestrian -1.0 -1.0 -1.0 -1.0 -1.0 -1.0 -1.0 -1.0 -1.0 -1.0 6.989611271012425 -1.0 -1.295867371467948 -1.0
8.0 7.0 Pedestrian -1.0 -1.0 -1.0 -1.0 -1.0 -1.0 -1.0 -1.0 -1.0 -1.0 6.892684737189763 -1.0 0.3483944004810676 -1.0
8.0 8.0 Pedestrian -1.0 -1.0 -1.0 -1.0 -1.0 -1.0 -1.0 -1.0 -1.0 -1.0 6.968399158872247 -1.0 -0.8836068137959241 -1.0
9.0 1.0 Pedestrian -1.0 -1.0 -1.0 -1.0 -1.0 -1.0 -1.0 -1.0 -1.0 -1.0 6.8041171452945495 -1.0 2.394523495403618 -1.0
9.0 2.0 Pedestrian -1.0 -1.0 -1.0 -1.0 -1.0 -1.0 -1.0 -1.0 -1.0 -1.0 7.074618047191005 -1.0 -0.5194878095649943 -1.0
9.0 3.0 Pedestrian -1.0 -1.0 -1.0 -1.0 -1.0 -1.0 -1.0 -1.0 -1.0 -1.0 6.928607856541274 -1.0 -0.9076704679495922 -1.0
9.0 4.0 Pedestrian -1.0 -1.0 -1.0 -1.0 -1.0 -1.0 -1.0 -1.0 -1.0 -1.0 7.276656168914341 -1.0 0.7722409756174421 -1.0
9.0 7.0 Pedestrian -1.0 -1.0 -1.0 -1.0 -1.0 -1.0 -1.0 -1.0 -1.0 -1.0 6.892684737189763 -1.0 0.3483944004810676 -1.0
9.0 8.0 Pedestrian -1.0 -1.0 -1.0 -1.0 -1.0 -1.0 -1.0 -1.0 -1.0 -1.0 6.968399158872247 -1.0 -0.8836068137959241 -1.0
10.0 1.0 Pedestrian -1.0 -1.0 -1.0 -1.0 -1.0 -1.0 -1.0 -1.0 -1.0 -1.0 6.891094320876436 -1.0 2.4123923545487833 -1.0
10.0 2.0 Pedestrian -1.0 -1.0 -1.0 -1.0 -1.0 -1.0 -1.0 -1.0 -1.0 -1.0 7.065463786622477 -1.0 -0.5726168510618443 -1.0
10.0 3.0 Pedestrian -1.0 -1.0 -1.0 -1.0 -1.0 -1.0 -1.0 -1.0 -1.0 -1.0 6.92408684337783 -1.0 -0.4506478941308881 -1.0
10.0 4.0 Pedestrian -1.0 -1.0 -1.0 -1.0 -1.0 -1.0 -1.0 -1.0 -1.0 -1.0 7.37619268511871 -1.0 1.111992421764355 -1.0
10.0 8.0 Pedestrian -1.0 -1.0 -1.0 -1.0 -1.0 -1.0 -1.0 -1.0 -1.0 -1.0 6.968399158872247 -1.0 -0.8836068137959241 -1.0
11.0 1.0 Pedestrian -1.0 -1.0 -1.0 -1.0 -1.0 -1.0 -1.0 -1.0 -1.0 -1.0 6.9182865607945105 -1.0 2.346897174228308 -1.0
11.0 2.0 Pedestrian -1.0 -1.0 -1.0 -1.0 -1.0 -1.0 -1.0 -1.0 -1.0 -1.0 7.1311398185621435 -1.0 -0.4016952436939804 -1.0
11.0 3.0 Pedestrian -1.0 -1.0 -1.0 -1.0 -1.0 -1.0 -1.0 -1.0 -1.0 -1.0 6.936518493118376 -1.0 -0.5957765604790786 -1.0
11.0 4.0 Pedestrian -1.0 -1.0 -1.0 -1.0 -1.0 -1.0 -1.0 -1.0 -1.0 -1.0 7.4757292013230785 -1.0 1.451743867911268 -1.0
11.0 8.0 Pedestrian -1.0 -1.0 -1.0 -1.0 -1.0 -1.0 -1.0 -1.0 -1.0 -1.0 6.968399158872247 -1.0 -0.8836068137959241 -1.0
11.0 9.0 Pedestrian -1.0 -1.0 -1.0 -1.0 -1.0 -1.0 -1.0 -1.0 -1.0 -1.0 6.87865428081721 -1.0 0.3475534911832214 -1.0
12.0 1.0 Pedestrian -1.0 -1.0 -1.0 -1.0 -1.0 -1.0 -1.0 -1.0 -1.0 -1.0 6.942351234114716 -1.0 2.269603112241695 -1.0
12.0 2.0 Pedestrian -1.0 -1.0 -1.0 -1.0 -1.0 -1.0 -1.0 -1.0 -1.0 -1.0 7.081256499424307 -1.0 -0.5368110633679715 -1.0
12.0 3.0 Pedestrian -1.0 -1.0 -1.0 -1.0 -1.0 -1.0 -1.0 -1.0 -1.0 -1.0 6.929333009114791 -1.0 -0.24434243590293792 -1.0
12.0 9.0 Pedestrian -1.0 -1.0 -1.0 -1.0 -1.0 -1.0 -1.0 -1.0 -1.0 -1.0 6.87865428081721 -1.0 0.3475534911832214 -1.0
13.0 1.0 Pedestrian -1.0 -1.0 -1.0 -1.0 -1.0 -1.0 -1.0 -1.0 -1.0 -1.0 6.949733622640888 -1.0 2.1921056790961004 -1.0
13.0 2.0 Pedestrian -1.0 -1.0 -1.0 -1.0 -1.0 -1.0 -1.0 -1.0 -1.0 -1.0 7.054239434181685 -1.0 -0.5738761415383236 -1.0
13.0 3.0 Pedestrian -1.0 -1.0 -1.0 -1.0 -1.0 -1.0 -1.0 -1.0 -1.0 -1.0 6.921205747828287 -1.0 0.01728370434678611 -1.0
13.0 9.0 Pedestrian -1.0 -1.0 -1.0 -1.0 -1.0 -1.0 -1.0 -1.0 -1.0 -1.0 6.87865428081721 -1.0 0.3475534911832214 -1.0
14.0 1.0 Pedestrian -1.0 -1.0 -1.0 -1.0 -1.0 -1.0 -1.0 -1.0 -1.0 -1.0 6.943529610808045 -1.0 2.040340242432396 -1.0
14.0 2.0 Pedestrian -1.0 -1.0 -1.0 -1.0 -1.0 -1.0 -1.0 -1.0 -1.0 -1.0 7.01678782153304 -1.0 -0.469529848495809 -1.0
14.0 3.0 Pedestrian -1.0 -1.0 -1.0 -1.0 -1.0 -1.0 -1.0 -1.0 -1.0 -1.0 6.914703972450144 -1.0 0.21784145383803005 -1.0
14.0 9.0 Pedestrian -1.0 -1.0 -1.0 -1.0 -1.0 -1.0 -1.0 -1.0 -1.0 -1.0 6.87865428081721 -1.0 0.3475534911832214 -1.0
15.0 1.0 Pedestrian -1.0 -1.0 -1.0 -1.0 -1.0 -1.0 -1.0 -1.0 -1.0 -1.0 6.932742983718336 -1.0 1.9359638034611013 -1.0
15.0 2.0 Pedestrian -1.0 -1.0 -1.0 -1.0 -1.0 -1.0 -1.0 -1.0 -1.0 -1.0 6.978503649457603 -1.0 -0.3616419318014907 -1.0
15.0 3.0 Pedestrian -1.0 -1.0 -1.0 -1.0 -1.0 -1.0 -1.0 -1.0 -1.0 -1.0 6.906411478263739 -1.0 0.3410531417277456 -1.0
15.0 9.0 Pedestrian -1.0 -1.0 -1.0 -1.0 -1.0 -1.0 -1.0 -1.0 -1.0 -1.0 6.87865428081721 -1.0 0.3475534911832214 -1.0
16.0 1.0 Pedestrian -1.0 -1.0 -1.0 -1.0 -1.0 -1.0 -1.0 -1.0 -1.0 -1.0 6.918909266599519 -1.0 1.7410323825897434 -1.0
16.0 2.0 Pedestrian -1.0 -1.0 -1.0 -1.0 -1.0 -1.0 -1.0 -1.0 -1.0 -1.0 6.961897886110061 -1.0 -0.2257108588048828 -1.0
16.0 3.0 Pedestrian -1.0 -1.0 -1.0 -1.0 -1.0 -1.0 -1.0 -1.0 -1.0 -1.0 6.903436770974283 -1.0 0.4298589264512012 -1.0
17.0 1.0 Pedestrian -1.0 -1.0 -1.0 -1.0 -1.0 -1.0 -1.0 -1.0 -1.0 -1.0 6.908741922251167 -1.0 1.5922267999132753 -1.0
17.0 2.0 Pedestrian -1.0 -1.0 -1.0 -1.0 -1.0 -1.0 -1.0 -1.0 -1.0 -1.0 6.943172302584033 -1.0 -0.08147886861151017 -1.0
17.0 3.0 Pedestrian -1.0 -1.0 -1.0 -1.0 -1.0 -1.0 -1.0 -1.0 -1.0 -1.0 6.900544795816783 -1.0 0.4925802747065596 -1.0
18.0 1.0 Pedestrian -1.0 -1.0 -1.0 -1.0 -1.0 -1.0 -1.0 -1.0 -1.0 -1.0 6.886211239812792 -1.0 1.3566662923833293 -1.0
18.0 2.0 Pedestrian -1.0 -1.0 -1.0 -1.0 -1.0 -1.0 -1.0 -1.0 -1.0 -1.0 6.925106628258742 -1.0 0.0810720323790449 -1.0
18.0 3.0 Pedestrian -1.0 -1.0 -1.0 -1.0 -1.0 -1.0 -1.0 -1.0 -1.0 -1.0 6.8984298340224575 -1.0 0.6049607756581198 -1.0
19.0 1.0 Pedestrian -1.0 -1.0 -1.0 -1.0 -1.0 -1.0 -1.0 -1.0 -1.0 -1.0 6.893230429729322 -1.0 0.8784277310198545 -1.0
19.0 2.0 Pedestrian -1.0 -1.0 -1.0 -1.0 -1.0 -1.0 -1.0 -1.0 -1.0 -1.0 6.894766460720213 -1.0 0.45372883248885354 -1.0
19.0 3.0 Pedestrian -1.0 -1.0 -1.0 -1.0 -1.0 -1.0 -1.0 -1.0 -1.0 -1.0 6.896314872228132 -1.0 0.7173412766096801 -1.0
20.0 1.0 Pedestrian -1.0 -1.0 -1.0 -1.0 -1.0 -1.0 -1.0 -1.0 -1.0 -1.0 6.898355985778701 -1.0 0.6106292915918675 -1.0
20.0 2.0 Pedestrian -1.0 -1.0 -1.0 -1.0 -1.0 -1.0 -1.0 -1.0 -1.0 -1.0 6.874292507541925 -1.0 0.683253803349802 -1.0
20.0 3.0 Pedestrian -1.0 -1.0 -1.0 -1.0 -1.0 -1.0 -1.0 -1.0 -1.0 -1.0 6.894199910433806 -1.0 0.8297217775612402 -1.0
21.0 1.0 Pedestrian -1.0 -1.0 -1.0 -1.0 -1.0 -1.0 -1.0 -1.0 -1.0 -1.0 6.900667639405957 -1.0 0.434917256054142 -1.0
21.0 2.0 Pedestrian -1.0 -1.0 -1.0 -1.0 -1.0 -1.0 -1.0 -1.0 -1.0 -1.0 6.860517841928038 -1.0 0.8707395167933938 -1.0
21.0 3.0 Pedestrian -1.0 -1.0 -1.0 -1.0 -1.0 -1.0 -1.0 -1.0 -1.0 -1.0 6.89208494863948 -1.0 0.9421022785128004 -1.0
22.0 1.0 Pedestrian -1.0 -1.0 -1.0 -1.0 -1.0 -1.0 -1.0 -1.0 -1.0 -1.0 6.899281446640963 -1.0 0.2784718358890986 -1.0
22.0 2.0 Pedestrian -1.0 -1.0 -1.0 -1.0 -1.0 -1.0 -1.0 -1.0 -1.0 -1.0 6.843776545918096 -1.0 0.9563134525160968 -1.0
23.0 1.0 Pedestrian -1.0 -1.0 -1.0 -1.0 -1.0 -1.0 -1.0 -1.0 -1.0 -1.0 6.904070881732495 -1.0 0.17533729946656879 -1.0
23.0 2.0 Pedestrian -1.0 -1.0 -1.0 -1.0 -1.0 -1.0 -1.0 -1.0 -1.0 -1.0 6.834349629334519 -1.0 1.0664900175837329 -1.0
24.0 1.0 Pedestrian -1.0 -1.0 -1.0 -1.0 -1.0 -1.0 -1.0 -1.0 -1.0 -1.0 6.909662284887249 -1.0 0.005753494759404754 -1.0
24.0 2.0 Pedestrian -1.0 -1.0 -1.0 -1.0 -1.0 -1.0 -1.0 -1.0 -1.0 -1.0 6.815563699766348 -1.0 1.1992479245084333 -1.0
25.0 1.0 Pedestrian -1.0 -1.0 -1.0 -1.0 -1.0 -1.0 -1.0 -1.0 -1.0 -1.0 6.918471642698773 -1.0 -0.13902293064192855 -1.0
25.0 10.0 Pedestrian -1.0 -1.0 -1.0 -1.0 -1.0 -1.0 -1.0 -1.0 -1.0 -1.0 6.905006195066193 -1.0 0.31339812899463065 -1.0
25.0 2.0 Pedestrian -1.0 -1.0 -1.0 -1.0 -1.0 -1.0 -1.0 -1.0 -1.0 -1.0 6.816848721936123 -1.0 1.406903837394011 -1.0
26.0 1.0 Pedestrian -1.0 -1.0 -1.0 -1.0 -1.0 -1.0 -1.0 -1.0 -1.0 -1.0 6.91940250663213 -1.0 -0.25187755887493923 -1.0
26.0 10.0 Pedestrian -1.0 -1.0 -1.0 -1.0 -1.0 -1.0 -1.0 -1.0 -1.0 -1.0 6.901222325899882 -1.0 0.2776844403245421 -1.0
26.0 2.0 Pedestrian -1.0 -1.0 -1.0 -1.0 -1.0 -1.0 -1.0 -1.0 -1.0 -1.0 6.815300999870546 -1.0 1.556695765058743 -1.0
27.0 1.0 Pedestrian -1.0 -1.0 -1.0 -1.0 -1.0 -1.0 -1.0 -1.0 -1.0 -1.0 6.917143276356299 -1.0 -0.3544248328302367 -1.0
27.0 10.0 Pedestrian -1.0 -1.0 -1.0 -1.0 -1.0 -1.0 -1.0 -1.0 -1.0 -1.0 6.9006973775377505 -1.0 0.382268063848154 -1.0
27.0 2.0 Pedestrian -1.0 -1.0 -1.0 -1.0 -1.0 -1.0 -1.0 -1.0 -1.0 -1.0 6.815214780934792 -1.0 1.649455056728979 -1.0
28.0 1.0 Pedestrian -1.0 -1.0 -1.0 -1.0 -1.0 -1.0 -1.0 -1.0 -1.0 -1.0 6.915088378652728 -1.0 -0.4245991134910633 -1.0
28.0 10.0 Pedestrian -1.0 -1.0 -1.0 -1.0 -1.0 -1.0 -1.0 -1.0 -1.0 -1.0 6.902483241442527 -1.0 0.3721909507233685 -1.0
28.0 11.0 Pedestrian -1.0 -1.0 -1.0 -1.0 -1.0 -1.0 -1.0 -1.0 -1.0 -1.0 6.959767586088539 -1.0 -0.8455732640172242 -1.0
28.0 2.0 Pedestrian -1.0 -1.0 -1.0 -1.0 -1.0 -1.0 -1.0 -1.0 -1.0 -1.0 6.8173783411051465 -1.0 1.6992991040195287 -1.0
29.0 1.0 Pedestrian -1.0 -1.0 -1.0 -1.0 -1.0 -1.0 -1.0 -1.0 -1.0 -1.0 6.910652537039619 -1.0 -0.4977974860653233 -1.0
29.0 10.0 Pedestrian -1.0 -1.0 -1.0 -1.0 -1.0 -1.0 -1.0 -1.0 -1.0 -1.0 6.899262854323256 -1.0 0.34130906161840785 -1.0
29.0 11.0 Pedestrian -1.0 -1.0 -1.0 -1.0 -1.0 -1.0 -1.0 -1.0 -1.0 -1.0 6.959767586088539 -1.0 -0.8455732640172242 -1.0
29.0 12.0 Pedestrian -1.0 -1.0 -1.0 -1.0 -1.0 -1.0 -1.0 -1.0 -1.0 -1.0 6.831642500207543 -1.0 1.534927403644681 -1.0
29.0 2.0 Pedestrian -1.0 -1.0 -1.0 -1.0 -1.0 -1.0 -1.0 -1.0 -1.0 -1.0 6.819355569698077 -1.0 1.717519743133669 -1.0
30.0 1.0 Pedestrian -1.0 -1.0 -1.0 -1.0 -1.0 -1.0 -1.0 -1.0 -1.0 -1.0 6.907942638242072 -1.0 -0.5362690246032504 -1.0
30.0 10.0 Pedestrian -1.0 -1.0 -1.0 -1.0 -1.0 -1.0 -1.0 -1.0 -1.0 -1.0 6.858872256504918 -1.0 1.0879619285497137 -1.0
30.0 11.0 Pedestrian -1.0 -1.0 -1.0 -1.0 -1.0 -1.0 -1.0 -1.0 -1.0 -1.0 6.959767586088539 -1.0 -0.8455732640172242 -1.0
30.0 12.0 Pedestrian -1.0 -1.0 -1.0 -1.0 -1.0 -1.0 -1.0 -1.0 -1.0 -1.0 6.831642500207543 -1.0 1.534927403644681 -1.0
30.0 2.0 Pedestrian -1.0 -1.0 -1.0 -1.0 -1.0 -1.0 -1.0 -1.0 -1.0 -1.0 6.843290101644883 -1.0 1.2895290662632004 -1.0
31.0 1.0 Pedestrian -1.0 -1.0 -1.0 -1.0 -1.0 -1.0 -1.0 -1.0 -1.0 -1.0 6.907882618523005 -1.0 -0.5630592506893137 -1.0
31.0 10.0 Pedestrian -1.0 -1.0 -1.0 -1.0 -1.0 -1.0 -1.0 -1.0 -1.0 -1.0 6.83769017537358 -1.0 1.4463661543492836 -1.0
31.0 11.0 Pedestrian -1.0 -1.0 -1.0 -1.0 -1.0 -1.0 -1.0 -1.0 -1.0 -1.0 6.959767586088539 -1.0 -0.8455732640172242 -1.0
31.0 12.0 Pedestrian -1.0 -1.0 -1.0 -1.0 -1.0 -1.0 -1.0 -1.0 -1.0 -1.0 6.831642500207543 -1.0 1.534927403644681 -1.0
31.0 13.0 Pedestrian -1.0 -1.0 -1.0 -1.0 -1.0 -1.0 -1.0 -1.0 -1.0 -1.0 6.899391915616928 -1.0 0.31309619961621427 -1.0
31.0 2.0 Pedestrian -1.0 -1.0 -1.0 -1.0 -1.0 -1.0 -1.0 -1.0 -1.0 -1.0 6.845602186675567 -1.0 1.276847724266796 -1.0
32.0 1.0 Pedestrian -1.0 -1.0 -1.0 -1.0 -1.0 -1.0 -1.0 -1.0 -1.0 -1.0 6.900574260063946 -1.0 -0.5693247562315763 -1.0
32.0 10.0 Pedestrian -1.0 -1.0 -1.0 -1.0 -1.0 -1.0 -1.0 -1.0 -1.0 -1.0 6.856276678419517 -1.0 1.04886642829467 -1.0
32.0 11.0 Pedestrian -1.0 -1.0 -1.0 -1.0 -1.0 -1.0 -1.0 -1.0 -1.0 -1.0 6.959767586088539 -1.0 -0.8455732640172242 -1.0
32.0 12.0 Pedestrian -1.0 -1.0 -1.0 -1.0 -1.0 -1.0 -1.0 -1.0 -1.0 -1.0 6.831642500207543 -1.0 1.534927403644681 -1.0
32.0 13.0 Pedestrian -1.0 -1.0 -1.0 -1.0 -1.0 -1.0 -1.0 -1.0 -1.0 -1.0 6.899391915616928 -1.0 0.31309619961621427 -1.0
32.0 2.0 Pedestrian -1.0 -1.0 -1.0 -1.0 -1.0 -1.0 -1.0 -1.0 -1.0 -1.0 6.8432004208094055 -1.0 1.3936143701226895 -1.0
33.0 1.0 Pedestrian -1.0 -1.0 -1.0 -1.0 -1.0 -1.0 -1.0 -1.0 -1.0 -1.0 6.897357575871128 -1.0 -0.5627435844760998 -1.0
33.0 10.0 Pedestrian -1.0 -1.0 -1.0 -1.0 -1.0 -1.0 -1.0 -1.0 -1.0 -1.0 6.8448072827682775 -1.0 1.3289469312381523 -1.0
33.0 11.0 Pedestrian -1.0 -1.0 -1.0 -1.0 -1.0 -1.0 -1.0 -1.0 -1.0 -1.0 6.892868205471535 -1.0 0.3122987036914522 -1.0
33.0 12.0 Pedestrian -1.0 -1.0 -1.0 -1.0 -1.0 -1.0 -1.0 -1.0 -1.0 -1.0 6.831642500207543 -1.0 1.534927403644681 -1.0
33.0 13.0 Pedestrian -1.0 -1.0 -1.0 -1.0 -1.0 -1.0 -1.0 -1.0 -1.0 -1.0 6.899391915616928 -1.0 0.31309619961621427 -1.0
33.0 2.0 Pedestrian -1.0 -1.0 -1.0 -1.0 -1.0 -1.0 -1.0 -1.0 -1.0 -1.0 6.842558971015446 -1.0 1.4618284749936221 -1.0
34.0 1.0 Pedestrian -1.0 -1.0 -1.0 -1.0 -1.0 -1.0 -1.0 -1.0 -1.0 -1.0 6.89922187113253 -1.0 -0.5487438038871988 -1.0
34.0 10.0 Pedestrian -1.0 -1.0 -1.0 -1.0 -1.0 -1.0 -1.0 -1.0 -1.0 -1.0 6.864108354592283 -1.0 1.0101774087470967 -1.0
34.0 11.0 Pedestrian -1.0 -1.0 -1.0 -1.0 -1.0 -1.0 -1.0 -1.0 -1.0 -1.0 6.88000209889105 -1.0 0.5349809468706817 -1.0
34.0 13.0 Pedestrian -1.0 -1.0 -1.0 -1.0 -1.0 -1.0 -1.0 -1.0 -1.0 -1.0 6.899391915616928 -1.0 0.31309619961621427 -1.0
34.0 2.0 Pedestrian -1.0 -1.0 -1.0 -1.0 -1.0 -1.0 -1.0 -1.0 -1.0 -1.0 6.838857284723464 -1.0 1.5053712512021034 -1.0
35.0 1.0 Pedestrian -1.0 -1.0 -1.0 -1.0 -1.0 -1.0 -1.0 -1.0 -1.0 -1.0 6.904003052672827 -1.0 -0.5311621719251048 -1.0
35.0 10.0 Pedestrian -1.0 -1.0 -1.0 -1.0 -1.0 -1.0 -1.0 -1.0 -1.0 -1.0 6.87667695970071 -1.0 0.7767503660832495 -1.0
35.0 11.0 Pedestrian -1.0 -1.0 -1.0 -1.0 -1.0 -1.0 -1.0 -1.0 -1.0 -1.0 6.8671359923105655 -1.0 0.7576631900499111 -1.0
35.0 13.0 Pedestrian -1.0 -1.0 -1.0 -1.0 -1.0 -1.0 -1.0 -1.0 -1.0 -1.0 6.899391915616928 -1.0 0.31309619961621427 -1.0
35.0 2.0 Pedestrian -1.0 -1.0 -1.0 -1.0 -1.0 -1.0 -1.0 -1.0 -1.0 -1.0 6.817739787689705 -1.0 1.433407748474031 -1.0
36.0 1.0 Pedestrian -1.0 -1.0 -1.0 -1.0 -1.0 -1.0 -1.0 -1.0 -1.0 -1.0 6.905313847403294 -1.0 -0.49913949695409743 -1.0
36.0 10.0 Pedestrian -1.0 -1.0 -1.0 -1.0 -1.0 -1.0 -1.0 -1.0 -1.0 -1.0 6.879785384616071 -1.0 0.6043452971262238 -1.0
36.0 11.0 Pedestrian -1.0 -1.0 -1.0 -1.0 -1.0 -1.0 -1.0 -1.0 -1.0 -1.0 6.854269885730081 -1.0 0.9803454332291406 -1.0
36.0 2.0 Pedestrian -1.0 -1.0 -1.0 -1.0 -1.0 -1.0 -1.0 -1.0 -1.0 -1.0 6.820162846553626 -1.0 1.4758724579792286 -1.0
37.0 1.0 Pedestrian -1.0 -1.0 -1.0 -1.0 -1.0 -1.0 -1.0 -1.0 -1.0 -1.0 6.906465703309091 -1.0 -0.45786827561720633 -1.0
37.0 10.0 Pedestrian -1.0 -1.0 -1.0 -1.0 -1.0 -1.0 -1.0 -1.0 -1.0 -1.0 6.845668066557561 -1.0 0.7990695734396798 -1.0
37.0 11.0 Pedestrian -1.0 -1.0 -1.0 -1.0 -1.0 -1.0 -1.0 -1.0 -1.0 -1.0 6.841403779149596 -1.0 1.20302767640837 -1.0
37.0 2.0 Pedestrian -1.0 -1.0 -1.0 -1.0 -1.0 -1.0 -1.0 -1.0 -1.0 -1.0 6.847854145408726 -1.0 1.0691389605446961 -1.0
38.0 1.0 Pedestrian -1.0 -1.0 -1.0 -1.0 -1.0 -1.0 -1.0 -1.0 -1.0 -1.0 6.906598734554248 -1.0 -0.4243363069924642 -1.0
38.0 10.0 Pedestrian -1.0 -1.0 -1.0 -1.0 -1.0 -1.0 -1.0 -1.0 -1.0 -1.0 6.86112105142586 -1.0 0.6211035248650966 -1.0
38.0 2.0 Pedestrian -1.0 -1.0 -1.0 -1.0 -1.0 -1.0 -1.0 -1.0 -1.0 -1.0 6.832443936370595 -1.0 1.056036130237843 -1.0
39.0 1.0 Pedestrian -1.0 -1.0 -1.0 -1.0 -1.0 -1.0 -1.0 -1.0 -1.0 -1.0 6.901538863807902 -1.0 -0.38491915420084605 -1.0
39.0 10.0 Pedestrian -1.0 -1.0 -1.0 -1.0 -1.0 -1.0 -1.0 -1.0 -1.0 -1.0 6.870442740053093 -1.0 0.49864344407866806 -1.0
39.0 14.0 Pedestrian -1.0 -1.0 -1.0 -1.0 -1.0 -1.0 -1.0 -1.0 -1.0 -1.0 6.892017337842464 -1.0 -0.3276614553866386 -1.0
39.0 2.0 Pedestrian -1.0 -1.0 -1.0 -1.0 -1.0 -1.0 -1.0 -1.0 -1.0 -1.0 6.8224931278630585 -1.0 1.056734754726239 -1.0
40.0 1.0 Pedestrian -1.0 -1.0 -1.0 -1.0 -1.0 -1.0 -1.0 -1.0 -1.0 -1.0 6.865524600739053 -1.0 0.1808902418496614 -1.0
40.0 10.0 Pedestrian -1.0 -1.0 -1.0 -1.0 -1.0 -1.0 -1.0 -1.0 -1.0 -1.0 6.882986767300069 -1.0 0.18618521337655375 -1.0
40.0 14.0 Pedestrian -1.0 -1.0 -1.0 -1.0 -1.0 -1.0 -1.0 -1.0 -1.0 -1.0 6.892017337842464 -1.0 -0.3276614553866386 -1.0
40.0 2.0 Pedestrian -1.0 -1.0 -1.0 -1.0 -1.0 -1.0 -1.0 -1.0 -1.0 -1.0 6.846118118110256 -1.0 0.7647082477143115 -1.0
