0.0 1.0 Pedestrian -1.0 -1.0 -1.0 -1.0 -1.0 -1.0 -1.0 -1.0 -1.0 -1.0 6.510411878293992 -1.0 2.504061140815735 -1.0
0.0 2.0 Pedestrian -1.0 -1.0 -1.0 -1.0 -1.0 -1.0 -1.0 -1.0 -1.0 -1.0 6.893778112298364 -1.0 0.31279429620321747 -1.0
0.0 3.0 Pedestrian -1.0 -1.0 -1.0 -1.0 -1.0 -1.0 -1.0 -1.0 -1.0 -1.0 6.967470725707532 -1.0 -0.8834671351494789 -1.0
1.0 1.0 Pedestrian -1.0 -1.0 -1.0 -1.0 -1.0 -1.0 -1.0 -1.0 -1.0 -1.0 6.52143567313379 -1.0 2.509166006270312 -1.0
1.0 2.0 Pedestrian -1.0 -1.0 -1.0 -1.0 -1.0 -1.0 -1.0 -1.0 -1.0 -1.0 6.892315573307901 -1.0 0.38370018912865733 -1.0
1.0 3.0 Pedestrian -1.0 -1.0 -1.0 -1.0 -1.0 -1.0 -1.0 -1.0 -1.0 -1.0 6.953331331794322 -1.0 -0.8448288628890125 -1.0
2.0 1.0 Pedestrian -1.0 -1.0 -1.0 -1.0 -1.0 -1.0 -1.0 -1.0 -1.0 -1.0 6.416531610415218 -1.0 2.466279701528889 -1.0
2.0 2.0 Pedestrian -1.0 -1.0 -1.0 -1.0 -1.0 -1.0 -1.0 -1.0 -1.0 -1.0 6.901841784784044 -1.0 0.35027295374458883 -1.0
2.0 3.0 Pedestrian -1.0 -1.0 -1.0 -1.0 -1.0 -1.0 -1.0 -1.0 -1.0 -1.0 6.953542092381421 -1.0 -0.8083912151577956 -1.0
3.0 1.0 Pedestrian -1.0 -1.0 -1.0 -1.0 -1.0 -1.0 -1.0 -1.0 -1.0 -1.0 6.402855047958947 -1.0 2.4609939036237414 -1.0
3.0 2.0 Pedestrian -1.0 -1.0 -1.0 -1.0 -1.0 -1.0 -1.0 -1.0 -1.0 -1.0 6.895826340702691 -1.0 0.40236730822496947 -1.0
3.0 3.0 Pedestrian -1.0 -1.0 -1.0 -1.0 -1.0 -1.0 -1.0 -1.0 -1.0 -1.0 6.953543549642462 -1.0 -0.7724457531900584 -1.0
3.0 4.0 Pedestrian -1.0 -1.0 -1.0 -1.0 -1.0 -1.0 -1.0 -1.0 -1.0 -1.0 6.906265575814814 -1.0 0.1707050261606872 -1.0
4.0 1.0 Pedestrian -1.0 -1.0 -1.0 -1.0 -1.0 -1.0 -1.0 -1.0 -1.0 -1.0 6.398475938402055 -1.0 2.459172139238607 -1.0
4.0 2.0 Pedestrian -1.0 -1.0 -1.0 -1.0 -1.0 -1.0 -1.0 -1.0 -1.0 -1.0 6.9340949385663855 -1.0 -0.4640113286168955 -1.0
4.0 3.0 Pedestrian -1.0 -1.0 -1.0 -1.0 -1.0 -1.0 -1.0 -1.0 -1.0 -1.0 6.953545006903503 -1.0 -0.7365002912223212 -1.0
4.0 4.0 Pedestrian -1.0 -1.0 -1.0 -1.0 -1.0 -1.0 -1.0 -1.0 -1.0 -1.0 6.906265575814814 -1.0 0.1707050261606872 -1.0
5.0 1.0 Pedestrian -1.0 -1.0 -1.0 -1.0 -1.0 -1.0 -1.0 -1.0 -1.0 -1.0 6.455713341235224 -1.0 2.48216519840028 -1.0
5.0 2.0 Pedestrian -1.0 -1.0 -1.0 -1.0 -1.0 -1.0 -1.0 -1.0 -1.0 -1.0 6.957257400443582 -1.0 -0.8375668707822155 -1.0
5.0 3.0 Pedestrian -1.0 -1.0 -1.0 -1.0 -1.0 -1.0 -1.0 -1.0 -1.0 -1.0 6.897978652291013 -1.0 0.2721225773479612 -1.0
5.0 4.0 Pedestrian -1.0 -1.0 -1.0 -1.0 -1.0 -1.0 -1.0 -1.0 -1.0 -1.0 6.906265575814814 -1.0 0.1707050261606872 -1.0
6.0 1.0 Pedestrian -1.0 -1.0 -1.0 -1.0 -1.0 -1.0 -1.0 -1.0 -1.0 -1.0 6.486006359601914 -1.0 2.494339320206747 -1.0
6.0 2.0 Pedestrian -1.0 -1.0 -1.0 -1.0 -1.0 -1.0 -1.0 -1.0 -1.0 -1.0 6.9693285756390955 -1.0 -1.0124913144127954 -1.0
6.0 3.0 Pedestrian -1.0 -1.0 -1.0 -1.0 -1.0 -1.0 -1.0 -1.0 -1.0 -1.0 6.8952974790331245 -1.0 0.41434936963268076 -1.0
6.0 4.0 Pedestrian -1.0 -1.0 -1.0 -1.0 -1.0 -1.0 -1.0 -1.0 -1.0 -1.0 6.906265575814814 -1.0 0.1707050261606872 -1.0
7.0 1.0 Pedestrian -1.0 -1.0 -1.0 -1.0 -1.0 -1.0 -1.0 -1.0 -1.0 -1.0 6.5020228174251855 -1.0 2.5007046872716128 -1.0
7.0 2.0 Pedestrian -1.0 -1.0 -1.0 -1.0 -1.0 -1.0 -1.0 -1.0 -1.0 -1.0 6.97570200910764 -1.0 -1.0937635269193005 -1.0
7.0 3.0 Pedestrian -1.0 -1.0 -1.0 -1.0 -1.0 -1.0 -1.0 -1.0 -1.0 -1.0 6.890207513120756 -1.0 0.5135493109646845 -1.0
7.0 4.0 Pedestrian -1.0 -1.0 -1.0 -1.0 -1.0 -1.0 -1.0 -1.0 -1.0 -1.0 6.906265575814814 -1.0 0.1707050261606872 -1.0
8.0 1.0 Pedestrian -1.0 -1.0 -1.0 -1.0 -1.0 -1.0 -1.0 -1.0 -1.0 -1.0 6.508765701551703 -1.0 2.503212140786202 -1.0
8.0 2.0 Pedestrian -1.0 -1.0 -1.0 -1.0 -1.0 -1.0 -1.0 -1.0 -1.0 -1.0 6.978612211519484 -1.0 -1.1250251203859796 -1.0
8.0 3.0 Pedestrian -1.0 -1.0 -1.0 -1.0 -1.0 -1.0 -1.0 -1.0 -1.0 -1.0 6.87950811111573 -1.0 0.7420291795361884 -1.0
9.0 1.0 Pedestrian -1.0 -1.0 -1.0 -1.0 -1.0 -1.0 -1.0 -1.0 -1.0 -1.0 6.521316214558684 -1.0 2.5086699539209882 -1.0
9.0 2.0 Pedestrian -1.0 -1.0 -1.0 -1.0 -1.0 -1.0 -1.0 -1.0 -1.0 -1.0 6.978108142540075 -1.0 -1.111451071606444 -1.0
9.0 3.0 Pedestrian -1.0 -1.0 -1.0 -1.0 -1.0 -1.0 -1.0 -1.0 -1.0 -1.0 6.868808709110705 -1.0 0.9705090481076923 -1.0
9.0 5.0 Pedestrian -1.0 -1.0 -1.0 -1.0 -1.0 -1.0 -1.0 -1.0 -1.0 -1.0 6.902973389370379 -1.0 0.34901104819617795 -1.0
10.0 1.0 Pedestrian -1.0 -1.0 -1.0 -1.0 -1.0 -1.0 -1.0 -1.0 -1.0 -1.0 6.52509152753216 -1.0 2.5102324498195596 -1.0
10.0 2.0 Pedestrian -1.0 -1.0 -1.0 -1.0 -1.0 -1.0 -1.0 -1.0 -1.0 -1.0 6.978052745045 -1.0 -1.0991720512125 -1.0
10.0 3.0 Pedestrian -1.0 -1.0 -1.0 -1.0 -1.0 -1.0 -1.0 -1.0 -1.0 -1.0 6.885544043741618 -1.0 0.6444336586411533 -1.0
10.0 5.0 Pedestrian -1.0 -1.0 -1.0 -1.0 -1.0 -1.0 -1.0 -1.0 -1.0 -1.0 6.902973389370379 -1.0 0.34901104819617795 -1.0
11.0 1.0 Pedestrian -1.0 -1.0 -1.0 -1.0 -1.0 -1.0 -1.0 -1.0 -1.0 -1.0 6.532000262164487 -1.0 2.497828247717479 -1.0
11.0 2.0 Pedestrian -1.0 -1.0 -1.0 -1.0 -1.0 -1.0 -1.0 -1.0 -1.0 -1.0 6.97711096452255 -1.0 -1.0747855581825492 -1.0
11.0 3.0 Pedestrian -1.0 -1.0 -1.0 -1.0 -1.0 -1.0 -1.0 -1.0 -1.0 -1.0 6.890782409435313 -1.0 0.5474646282172713 -1.0
11.0 5.0 Pedestrian -1.0 -1.0 -1.0 -1.0 -1.0 -1.0 -1.0 -1.0 -1.0 -1.0 6.902973389370379 -1.0 0.34901104819617795 -1.0
12.0 1.0 Pedestrian -1.0 -1.0 -1.0 -1.0 -1.0 -1.0 -1.0 -1.0 -1.0 -1.0 6.536419699084037 -1.0 2.488457168747952 -1.0
12.0 2.0 Pedestrian -1.0 -1.0 -1.0 -1.0 -1.0 -1.0 -1.0 -1.0 -1.0 -1.0 6.976782488628118 -1.0 -1.0575364708921378 -1.0
12.0 3.0 Pedestrian -1.0 -1.0 -1.0 -1.0 -1.0 -1.0 -1.0 -1.0 -1.0 -1.0 6.891019299837713 -1.0 0.513753275782082 -1.0
12.0 5.0 Pedestrian -1.0 -1.0 -1.0 -1.0 -1.0 -1.0 -1.0 -1.0 -1.0 -1.0 6.902973389370379 -1.0 0.34901104819617795 -1.0
13.0 1.0 Pedestrian -1.0 -1.0 -1.0 -1.0 -1.0 -1.0 -1.0 -1.0 -1.0 -1.0 6.548167988799624 -1.0 2.470701033752195 -1.0
13.0 2.0 Pedestrian -1.0 -1.0 -1.0 -1.0 -1.0 -1.0 -1.0 -1.0 -1.0 -1.0 6.974865092146086 -1.0 -1.0474622949928718 -1.0
13.0 3.0 Pedestrian -1.0 -1.0 -1.0 -1.0 -1.0 -1.0 -1.0 -1.0 -1.0 -1.0 6.8946756727763585 -1.0 0.4743244994314654 -1.0
13.0 5.0 Pedestrian -1.0 -1.0 -1.0 -1.0 -1.0 -1.0 -1.0 -1.0 -1.0 -1.0 6.902973389370379 -1.0 0.34901104819617795 -1.0
14.0 1.0 Pedestrian -1.0 -1.0 -1.0 -1.0 -1.0 -1.0 -1.0 -1.0 -1.0 -1.0 6.540564687573153 -1.0 2.365348593624198 -1.0
14.0 2.0 Pedestrian -1.0 -1.0 -1.0 -1.0 -1.0 -1.0 -1.0 -1.0 -1.0 -1.0 6.9676050131365 -1.0 -1.0033695113889305 -1.0
14.0 3.0 Pedestrian -1.0 -1.0 -1.0 -1.0 -1.0 -1.0 -1.0 -1.0 -1.0 -1.0 6.896087254205424 -1.0 0.45373378534629716 -1.0
15.0 1.0 Pedestrian -1.0 -1.0 -1.0 -1.0 -1.0 -1.0 -1.0 -1.0 -1.0 -1.0 6.520185111297547 -1.0 2.1950927015297292 -1.0
15.0 2.0 Pedestrian -1.0 -1.0 -1.0 -1.0 -1.0 -1.0 -1.0 -1.0 -1.0 -1.0 6.967532206847473 -1.0 -0.9640268576763055 -1.0
15.0 3.0 Pedestrian -1.0 -1.0 -1.0 -1.0 -1.0 -1.0 -1.0 -1.0 -1.0 -1.0 6.896985683486996 -1.0 0.4332633106242672 -1.0
16.0 1.0 Pedestrian -1.0 -1.0 -1.0 -1.0 -1.0 -1.0 -1.0 -1.0 -1.0 -1.0 6.616381593857593 -1.0 2.0921295441698526 -1.0
16.0 2.0 Pedestrian -1.0 -1.0 -1.0 -1.0 -1.0 -1.0 -1.0 -1.0 -1.0 -1.0 6.965787611220364 -1.0 -0.9568606888422966 -1.0
16.0 3.0 Pedestrian -1.0 -1.0 -1.0 -1.0 -1.0 -1.0 -1.0 -1.0 -1.0 -1.0 6.896403885268933 -1.0 0.4520677739560116 -1.0
16.0 6.0 Pedestrian -1.0 -1.0 -1.0 -1.0 -1.0 -1.0 -1.0 -1.0 -1.0 -1.0 6.718271671077369 -1.0 1.9576707647429705 -1.0
17.0 1.0 Pedestrian -1.0 -1.0 -1.0 -1.0 -1.0 -1.0 -1.0 -1.0 -1.0 -1.0 6.682530897595769 -1.0 1.8785050636018754 -1.0
17.0 2.0 Pedestrian -1.0 -1.0 -1.0 -1.0 -1.0 -1.0 -1.0 -1.0 -1.0 -1.0 6.9664217473297505 -1.0 -0.9360991467035628 -1.0
17.0 3.0 Pedestrian -1.0 -1.0 -1.0 -1.0 -1.0 -1.0 -1.0 -1.0 -1.0 -1.0 6.841415355238082 -1.0 1.0610523334356279 -1.0
17.0 6.0 Pedestrian -1.0 -1.0 -1.0 -1.0 -1.0 -1.0 -1.0 -1.0 -1.0 -1.0 6.718271671077369 -1.0 1.9576707647429705 -1.0
18.0 1.0 Pedestrian -1.0 -1.0 -1.0 -1.0 -1.0 -1.0 -1.0 -1.0 -1.0 -1.0 6.735662251419049 -1.0 1.6290938309401526 -1.0
18.0 2.0 Pedestrian -1.0 -1.0 -1.0 -1.0 -1.0 -1.0 -1.0 -1.0 -1.0 -1.0 6.966562745149884 -1.0 -0.9187608550518327 -1.0
18.0 3.0 Pedestrian -1.0 -1.0 -1.0 -1.0 -1.0 -1.0 -1.0 -1.0 -1.0 -1.0 6.760358869721611 -1.0 1.2621027660121766 -1.0
18.0 6.0 Pedestrian -1.0 -1.0 -1.0 -1.0 -1.0 -1.0 -1.0 -1.0 -1.0 -1.0 6.718271671077369 -1.0 1.9576707647429705 -1.0
19.0 1.0 Pedestrian -1.0 -1.0 -1.0 -1.0 -1.0 -1.0 -1.0 -1.0 -1.0 -1.0 6.770821800622601 -1.0 1.497756553115005 -1.0
19.0 2.0 Pedestrian -1.0 -1.0 -1.0 -1.0 -1.0 -1.0 -1.0 -1.0 -1.0 -1.0 6.95810812137689 -1.0 -0.9172516675000687 -1.0
19.0 3.0 Pedestrian -1.0 -1.0 -1.0 -1.0 -1.0 -1.0 -1.0 -1.0 -1.0 -1.0 6.7618678832476515 -1.0 1.2549229027501834 -1.0
19.0 6.0 Pedestrian -1.0 -1.0 -1.0 -1.0 -1.0 -1.0 -1.0 -1.0 -1.0 -1.0 6.718271671077369 -1.0 1.9576707647429705 -1.0
19.0 7.0 Pedestrian -1.0 -1.0 -1.0 -1.0 -1.0 -1.0 -1.0 -1.0 -1.0 -1.0 6.757729256082595 -1.0 0.8642188445437551 -1.0
20.0 1.0 Pedestrian -1.0 -1.0 -1.0 -1.0 -1.0 -1.0 -1.0 -1.0 -1.0 -1.0 6.805981349826153 -1.0 1.3664192752898574 -1.0
20.0 2.0 Pedestrian -1.0 -1.0 -1.0 -1.0 -1.0 -1.0 -1.0 -1.0 -1.0 -1.0 6.883509870824663 -1.0 -0.33761489764868025 -1.0
20.0 3.0 Pedestrian -1.0 -1.0 -1.0 -1.0 -1.0 -1.0 -1.0 -1.0 -1.0 -1.0 6.741785179376637 -1.0 1.3739922785317857 -1.0
20.0 6.0 Pedestrian -1.0 -1.0 -1.0 -1.0 -1.0 -1.0 -1.0 -1.0 -1.0 -1.0 6.718271671077369 -1.0 1.9576707647429705 -1.0
20.0 7.0 Pedestrian -1.0 -1.0 -1.0 -1.0 -1.0 -1.0 -1.0 -1.0 -1.0 -1.0 6.757729256082595 -1.0 0.8642188445437551 -1.0
20.0 8.0 Pedestrian -1.0 -1.0 -1.0 -1.0 -1.0 -1.0 -1.0 -1.0 -1.0 -1.0 6.8815688163991275 -1.0 0.6263757779599726 -1.0
21.0 1.0 Pedestrian -1.0 -1.0 -1.0 -1.0 -1.0 -1.0 -1.0 -1.0 -1.0 -1.0 6.839648234718325 -1.0 0.6420494530268691 -1.0
21.0 2.0 Pedestrian -1.0 -1.0 -1.0 -1.0 -1.0 -1.0 -1.0 -1.0 -1.0 -1.0 6.866089181002238 -1.0 -0.2117154528291716 -1.0
21.0 3.0 Pedestrian -1.0 -1.0 -1.0 -1.0 -1.0 -1.0 -1.0 -1.0 -1.0 -1.0 6.721702475505623 -1.0 1.493061654313388 -1.0
21.0 7.0 Pedestrian -1.0 -1.0 -1.0 -1.0 -1.0 -1.0 -1.0 -1.0 -1.0 -1.0 6.757729256082595 -1.0 0.8642188445437551 -1.0
21.0 8.0 Pedestrian -1.0 -1.0 -1.0 -1.0 -1.0 -1.0 -1.0 -1.0 -1.0 -1.0 6.8815688163991275 -1.0 0.6263757779599726 -1.0
22.0 1.0 Pedestrian -1.0 -1.0 -1.0 -1.0 -1.0 -1.0 -1.0 -1.0 -1.0 -1.0 6.891764187949222 -1.0 0.24313378950154838 -1.0
22.0 2.0 Pedestrian -1.0 -1.0 -1.0 -1.0 -1.0 -1.0 -1.0 -1.0 -1.0 -1.0 6.835659852352633 -1.0 -0.10001322392427295 -1.0
22.0 3.0 Pedestrian -1.0 -1.0 -1.0 -1.0 -1.0 -1.0 -1.0 -1.0 -1.0 -1.0 6.701619771634609 -1.0 1.6121310300949905 -1.0
22.0 7.0 Pedestrian -1.0 -1.0 -1.0 -1.0 -1.0 -1.0 -1.0 -1.0 -1.0 -1.0 6.757729256082595 -1.0 0.8642188445437551 -1.0
22.0 8.0 Pedestrian -1.0 -1.0 -1.0 -1.0 -1.0 -1.0 -1.0 -1.0 -1.0 -1.0 6.8815688163991275 -1.0 0.6263757779599726 -1.0
22.0 9.0 Pedestrian -1.0 -1.0 -1.0 -1.0 -1.0 -1.0 -1.0 -1.0 -1.0 -1.0 6.9288442946315705 -1.0 -0.12413334700825807 -1.0
23.0 1.0 Pedestrian -1.0 -1.0 -1.0 -1.0 -1.0 -1.0 -1.0 -1.0 -1.0 -1.0 6.919265150431058 -1.0 -0.03530250957438597 -1.0
23.0 10.0 Pedestrian -1.0 -1.0 -1.0 -1.0 -1.0 -1.0 -1.0 -1.0 -1.0 -1.0 6.864747270189106 -1.0 -0.68265717220968 -1.0
23.0 2.0 Pedestrian -1.0 -1.0 -1.0 -1.0 -1.0 -1.0 -1.0 -1.0 -1.0 -1.0 6.815610595619378 -1.0 0.023017486320095593 -1.0
23.0 3.0 Pedestrian -1.0 -1.0 -1.0 -1.0 -1.0 -1.0 -1.0 -1.0 -1.0 -1.0 6.816932444145876 -1.0 0.31471662914031073 -1.0
23.0 7.0 Pedestrian -1.0 -1.0 -1.0 -1.0 -1.0 -1.0 -1.0 -1.0 -1.0 -1.0 6.757729256082595 -1.0 0.8642188445437551 -1.0
23.0 8.0 Pedestrian -1.0 -1.0 -1.0 -1.0 -1.0 -1.0 -1.0 -1.0 -1.0 -1.0 6.8815688163991275 -1.0 0.6263757779599726 -1.0
23.0 9.0 Pedestrian -1.0 -1.0 -1.0 -1.0 -1.0 -1.0 -1.0 -1.0 -1.0 -1.0 6.9288442946315705 -1.0 -0.12413334700825807 -1.0
24.0 1.0 Pedestrian -1.0 -1.0 -1.0 -1.0 -1.0 -1.0 -1.0 -1.0 -1.0 -1.0 6.946132611557332 -1.0 -0.40159995724448794 -1.0
24.0 10.0 Pedestrian -1.0 -1.0 -1.0 -1.0 -1.0 -1.0 -1.0 -1.0 -1.0 -1.0 6.864747270189106 -1.0 -0.68265717220968 -1.0
24.0 2.0 Pedestrian -1.0 -1.0 -1.0 -1.0 -1.0 -1.0 -1.0 -1.0 -1.0 -1.0 6.8676135115671695 -1.0 -0.06746527795002183 -1.0
24.0 3.0 Pedestrian -1.0 -1.0 -1.0 -1.0 -1.0 -1.0 -1.0 -1.0 -1.0 -1.0 6.850695739634775 -1.0 -0.2660508367157439 -1.0
24.0 8.0 Pedestrian -1.0 -1.0 -1.0 -1.0 -1.0 -1.0 -1.0 -1.0 -1.0 -1.0 6.8815688163991275 -1.0 0.6263757779599726 -1.0
24.0 9.0 Pedestrian -1.0 -1.0 -1.0 -1.0 -1.0 -1.0 -1.0 -1.0 -1.0 -1.0 6.9288442946315705 -1.0 -0.12413334700825807 -1.0
25.0 1.0 Pedestrian -1.0 -1.0 -1.0 -1.0 -1.0 -1.0 -1.0 -1.0 -1.0 -1.0 6.963617366515682 -1.0 -0.7217530371629693 -1.0
25.0 10.0 Pedestrian -1.0 -1.0 -1.0 -1.0 -1.0 -1.0 -1.0 -1.0 -1.0 -1.0 6.864747270189106 -1.0 -0.68265717220968 -1.0
25.0 11.0 Pedestrian -1.0 -1.0 -1.0 -1.0 -1.0 -1.0 -1.0 -1.0 -1.0 -1.0 6.913441339454531 -1.0 -1.2067395824972391 -1.0
25.0 2.0 Pedestrian -1.0 -1.0 -1.0 -1.0 -1.0 -1.0 -1.0 -1.0 -1.0 -1.0 6.8611124343925445 -1.0 0.015417872779182357 -1.0
25.0 3.0 Pedestrian -1.0 -1.0 -1.0 -1.0 -1.0 -1.0 -1.0 -1.0 -1.0 -1.0 6.858520675397041 -1.0 -0.46223783498910403 -1.0
25.0 9.0 Pedestrian -1.0 -1.0 -1.0 -1.0 -1.0 -1.0 -1.0 -1.0 -1.0 -1.0 6.9288442946315705 -1.0 -0.12413334700825807 -1.0
26.0 1.0 Pedestrian -1.0 -1.0 -1.0 -1.0 -1.0 -1.0 -1.0 -1.0 -1.0 -1.0 6.983482400293991 -1.0 -1.0518441893787132 -1.0
26.0 10.0 Pedestrian -1.0 -1.0 -1.0 -1.0 -1.0 -1.0 -1.0 -1.0 -1.0 -1.0 6.864747270189106 -1.0 -0.68265717220968 -1.0
26.0 11.0 Pedestrian -1.0 -1.0 -1.0 -1.0 -1.0 -1.0 -1.0 -1.0 -1.0 -1.0 6.913441339454531 -1.0 -1.2067395824972391 -1.0
26.0 2.0 Pedestrian -1.0 -1.0 -1.0 -1.0 -1.0 -1.0 -1.0 -1.0 -1.0 -1.0 6.902272662922587 -1.0 -0.521411522503401 -1.0
26.0 3.0 Pedestrian -1.0 -1.0 -1.0 -1.0 -1.0 -1.0 -1.0 -1.0 -1.0 -1.0 6.916646879796735 -1.0 -1.0573843294013876 -1.0
26.0 9.0 Pedestrian -1.0 -1.0 -1.0 -1.0 -1.0 -1.0 -1.0 -1.0 -1.0 -1.0 6.9288442946315705 -1.0 -0.12413334700825807 -1.0
27.0 1.0 Pedestrian -1.0 -1.0 -1.0 -1.0 -1.0 -1.0 -1.0 -1.0 -1.0 -1.0 6.998346903901983 -1.0 -1.4450460881582659 -1.0
27.0 10.0 Pedestrian -1.0 -1.0 -1.0 -1.0 -1.0 -1.0 -1.0 -1.0 -1.0 -1.0 6.864747270189106 -1.0 -0.68265717220968 -1.0
27.0 11.0 Pedestrian -1.0 -1.0 -1.0 -1.0 -1.0 -1.0 -1.0 -1.0 -1.0 -1.0 6.913441339454531 -1.0 -1.2067395824972391 -1.0
27.0 2.0 Pedestrian -1.0 -1.0 -1.0 -1.0 -1.0 -1.0 -1.0 -1.0 -1.0 -1.0 6.940041106288017 -1.0 -0.8635394310661633 -1.0
27.0 3.0 Pedestrian -1.0 -1.0 -1.0 -1.0 -1.0 -1.0 -1.0 -1.0 -1.0 -1.0 6.953697440543446 -1.0 -1.280077449014517 -1.0
28.0 1.0 Pedestrian -1.0 -1.0 -1.0 -1.0 -1.0 -1.0 -1.0 -1.0 -1.0 -1.0 6.933885197189421 -1.0 -1.7426253895545525 -1.0
28.0 11.0 Pedestrian -1.0 -1.0 -1.0 -1.0 -1.0 -1.0 -1.0 -1.0 -1.0 -1.0 6.913441339454531 -1.0 -1.2067395824972391 -1.0
28.0 12.0 Pedestrian -1.0 -1.0 -1.0 -1.0 -1.0 -1.0 -1.0 -1.0 -1.0 -1.0 6.902038057318396 -1.0 0.3489549899893776 -1.0
28.0 2.0 Pedestrian -1.0 -1.0 -1.0 -1.0 -1.0 -1.0 -1.0 -1.0 -1.0 -1.0 6.9662692987210635 -1.0 -1.1202933479689405 -1.0
28.0 3.0 Pedestrian -1.0 -1.0 -1.0 -1.0 -1.0 -1.0 -1.0 -1.0 -1.0 -1.0 6.974418389330035 -1.0 -1.5398129689029734 -1.0
29.0 1.0 Pedestrian -1.0 -1.0 -1.0 -1.0 -1.0 -1.0 -1.0 -1.0 -1.0 -1.0 6.847629146134578 -1.0 -1.928476852817731 -1.0
29.0 11.0 Pedestrian -1.0 -1.0 -1.0 -1.0 -1.0 -1.0 -1.0 -1.0 -1.0 -1.0 6.913441339454531 -1.0 -1.2067395824972391 -1.0
29.0 12.0 Pedestrian -1.0 -1.0 -1.0 -1.0 -1.0 -1.0 -1.0 -1.0 -1.0 -1.0 6.902038057318396 -1.0 0.3489549899893776 -1.0
29.0 2.0 Pedestrian -1.0 -1.0 -1.0 -1.0 -1.0 -1.0 -1.0 -1.0 -1.0 -1.0 6.970298393778121 -1.0 -1.09082993108684 -1.0
29.0 3.0 Pedestrian -1.0 -1.0 -1.0 -1.0 -1.0 -1.0 -1.0 -1.0 -1.0 -1.0 6.939011835750501 -1.0 -0.7555196813510727 -1.0
30.0 1.0 Pedestrian -1.0 -1.0 -1.0 -1.0 -1.0 -1.0 -1.0 -1.0 -1.0 -1.0 6.833567963884422 -1.0 -2.21760625354528 -1.0
30.0 12.0 Pedestrian -1.0 -1.0 -1.0 -1.0 -1.0 -1.0 -1.0 -1.0 -1.0 -1.0 6.902038057318396 -1.0 0.3489549899893776 -1.0
30.0 13.0 Pedestrian -1.0 -1.0 -1.0 -1.0 -1.0 -1.0 -1.0 -1.0 -1.0 -1.0 6.6896363415408135 -1.0 -1.7034700057005883 -1.0
30.0 2.0 Pedestrian -1.0 -1.0 -1.0 -1.0 -1.0 -1.0 -1.0 -1.0 -1.0 -1.0 6.974702341768395 -1.0 -1.056267829611889 -1.0
30.0 3.0 Pedestrian -1.0 -1.0 -1.0 -1.0 -1.0 -1.0 -1.0 -1.0 -1.0 -1.0 6.925356820856034 -1.0 -0.348317678790292 -1.0
31.0 1.0 Pedestrian -1.0 -1.0 -1.0 -1.0 -1.0 -1.0 -1.0 -1.0 -1.0 -1.0 6.885839395868179 -1.0 -1.7158280618264068 -1.0
31.0 12.0 Pedestrian -1.0 -1.0 -1.0 -1.0 -1.0 -1.0 -1.0 -1.0 -1.0 -1.0 6.902038057318396 -1.0 0.3489549899893776 -1.0
31.0 13.0 Pedestrian -1.0 -1.0 -1.0 -1.0 -1.0 -1.0 -1.0 -1.0 -1.0 -1.0 6.6896363415408135 -1.0 -1.7034700057005883 -1.0
31.0 2.0 Pedestrian -1.0 -1.0 -1.0 -1.0 -1.0 -1.0 -1.0 -1.0 -1.0 -1.0 6.952648894972144 -1.0 -0.5897871900503786 -1.0
31.0 3.0 Pedestrian -1.0 -1.0 -1.0 -1.0 -1.0 -1.0 -1.0 -1.0 -1.0 -1.0 6.906801478573921 -1.0 -0.8717107921661771 -1.0
32.0 1.0 Pedestrian -1.0 -1.0 -1.0 -1.0 -1.0 -1.0 -1.0 -1.0 -1.0 -1.0 6.874342695678546 -1.0 -1.7921475517052676 -1.0
32.0 12.0 Pedestrian -1.0 -1.0 -1.0 -1.0 -1.0 -1.0 -1.0 -1.0 -1.0 -1.0 6.902038057318396 -1.0 0.3489549899893776 -1.0
32.0 13.0 Pedestrian -1.0 -1.0 -1.0 -1.0 -1.0 -1.0 -1.0 -1.0 -1.0 -1.0 6.6896363415408135 -1.0 -1.7034700057005883 -1.0
32.0 2.0 Pedestrian -1.0 -1.0 -1.0 -1.0 -1.0 -1.0 -1.0 -1.0 -1.0 -1.0 6.936238738017288 -1.0 -0.2237984971208835 -1.0
32.0 3.0 Pedestrian -1.0 -1.0 -1.0 -1.0 -1.0 -1.0 -1.0 -1.0 -1.0 -1.0 6.943736254927735 -1.0 -1.1873683985250532 -1.0
33.0 1.0 Pedestrian -1.0 -1.0 -1.0 -1.0 -1.0 -1.0 -1.0 -1.0 -1.0 -1.0 6.9194035101415885 -1.0 -1.7297307934305635 -1.0
33.0 13.0 Pedestrian -1.0 -1.0 -1.0 -1.0 -1.0 -1.0 -1.0 -1.0 -1.0 -1.0 6.6896363415408135 -1.0 -1.7034700057005883 -1.0
33.0 2.0 Pedestrian -1.0 -1.0 -1.0 -1.0 -1.0 -1.0 -1.0 -1.0 -1.0 -1.0 6.917415341125573 -1.0 0.04978746528186628 -1.0
33.0 3.0 Pedestrian -1.0 -1.0 -1.0 -1.0 -1.0 -1.0 -1.0 -1.0 -1.0 -1.0 6.893503752048526 -1.0 -1.4610265140855367 -1.0
34.0 1.0 Pedestrian -1.0 -1.0 -1.0 -1.0 -1.0 -1.0 -1.0 -1.0 -1.0 -1.0 6.911173850471996 -1.0 -1.007894396112253 -1.0
34.0 13.0 Pedestrian -1.0 -1.0 -1.0 -1.0 -1.0 -1.0 -1.0 -1.0 -1.0 -1.0 6.6896363415408135 -1.0 -1.7034700057005883 -1.0
34.0 2.0 Pedestrian -1.0 -1.0 -1.0 -1.0 -1.0 -1.0 -1.0 -1.0 -1.0 -1.0 6.941462254433358 -1.0 -0.4095246376698225 -1.0
34.0 3.0 Pedestrian -1.0 -1.0 -1.0 -1.0 -1.0 -1.0 -1.0 -1.0 -1.0 -1.0 6.85412377909398 -1.0 -1.6514680203083776 -1.0
35.0 1.0 Pedestrian -1.0 -1.0 -1.0 -1.0 -1.0 -1.0 -1.0 -1.0 -1.0 -1.0 6.914948356758185 -1.0 -0.9230401135230136 -1.0
35.0 14.0 Pedestrian -1.0 -1.0 -1.0 -1.0 -1.0 -1.0 -1.0 -1.0 -1.0 -1.0 6.893620069241743 -1.0 0.348450458687868 -1.0
35.0 2.0 Pedestrian -1.0 -1.0 -1.0 -1.0 -1.0 -1.0 -1.0 -1.0 -1.0 -1.0 6.962676801244184 -1.0 -0.7843511208673919 -1.0
35.0 3.0 Pedestrian -1.0 -1.0 -1.0 -1.0 -1.0 -1.0 -1.0 -1.0 -1.0 -1.0 6.825975322952761 -1.0 -1.7758061854551646 -1.0
36.0 1.0 Pedestrian -1.0 -1.0 -1.0 -1.0 -1.0 -1.0 -1.0 -1.0 -1.0 -1.0 6.953810414353968 -1.0 -1.0759561580526589 -1.0
36.0 14.0 Pedestrian -1.0 -1.0 -1.0 -1.0 -1.0 -1.0 -1.0 -1.0 -1.0 -1.0 6.893620069241743 -1.0 0.348450458687868 -1.0
36.0 2.0 Pedestrian -1.0 -1.0 -1.0 -1.0 -1.0 -1.0 -1.0 -1.0 -1.0 -1.0 6.964817957954517 -1.0 -1.168010913146729 -1.0
36.0 3.0 Pedestrian -1.0 -1.0 -1.0 -1.0 -1.0 -1.0 -1.0 -1.0 -1.0 -1.0 6.841881645501083 -1.0 -1.07478046011106 -1.0
37.0 1.0 Pedestrian -1.0 -1.0 -1.0 -1.0 -1.0 -1.0 -1.0 -1.0 -1.0 -1.0 6.963528703930356 -1.0 -0.9421690909671067 -1.0
37.0 14.0 Pedestrian -1.0 -1.0 -1.0 -1.0 -1.0 -1.0 -1.0 -1.0 -1.0 -1.0 6.893620069241743 -1.0 0.348450458687868 -1.0
37.0 2.0 Pedestrian -1.0 -1.0 -1.0 -1.0 -1.0 -1.0 -1.0 -1.0 -1.0 -1.0 6.980386237669617 -1.0 -1.38516628531267 -1.0
37.0 3.0 Pedestrian -1.0 -1.0 -1.0 -1.0 -1.0 -1.0 -1.0 -1.0 -1.0 -1.0 6.855954507191457 -1.0 -0.5297231351202496 -1.0
38.0 1.0 Pedestrian -1.0 -1.0 -1.0 -1.0 -1.0 -1.0 -1.0 -1.0 -1.0 -1.0 6.965156562265944 -1.0 -1.0580016646091166 -1.0
38.0 14.0 Pedestrian -1.0 -1.0 -1.0 -1.0 -1.0 -1.0 -1.0 -1.0 -1.0 -1.0 6.893620069241743 -1.0 0.348450458687868 -1.0
38.0 2.0 Pedestrian -1.0 -1.0 -1.0 -1.0 -1.0 -1.0 -1.0 -1.0 -1.0 -1.0 6.9541569217029355 -1.0 -0.8407084081270263 -1.0
38.0 3.0 Pedestrian -1.0 -1.0 -1.0 -1.0 -1.0 -1.0 -1.0 -1.0 -1.0 -1.0 6.852243070012473 -1.0 -0.3892859391680762 -1.0
39.0 1.0 Pedestrian -1.0 -1.0 -1.0 -1.0 -1.0 -1.0 -1.0 -1.0 -1.0 -1.0 6.953898015789815 -1.0 -1.0453590615438488 -1.0
39.0 14.0 Pedestrian -1.0 -1.0 -1.0 -1.0 -1.0 -1.0 -1.0 -1.0 -1.0 -1.0 6.893620069241743 -1.0 0.348450458687868 -1.0
39.0 2.0 Pedestrian -1.0 -1.0 -1.0 -1.0 -1.0 -1.0 -1.0 -1.0 -1.0 -1.0 6.931381842717953 -1.0 -0.40305901262802085 -1.0
39.0 3.0 Pedestrian -1.0 -1.0 -1.0 -1.0 -1.0 -1.0 -1.0 -1.0 -1.0 -1.0 6.848531632833488 -1.0 -0.2488487432159028 -1.0
40.0 1.0 Pedestrian -1.0 -1.0 -1.0 -1.0 -1.0 -1.0 -1.0 -1.0 -1.0 -1.0 6.958624036701148 -1.0 -0.9586312284234796 -1.0
40.0 2.0 Pedestrian -1.0 -1.0 -1.0 -1.0 -1.0 -1.0 -1.0 -1.0 -1.0 -1.0 6.940219834843567 -1.0 -0.49446117600472805 -1.0
40.0 3.0 Pedestrian -1.0 -1.0 -1.0 -1.0 -1.0 -1.0 -1.0 -1.0 -1.0 -1.0 6.862659750429814 -1.0 0.15364819856451017 -1.0
41.0 1.0 Pedestrian -1.0 -1.0 -1.0 -1.0 -1.0 -1.0 -1.0 -1.0 -1.0 -1.0 6.960347204805991 -1.0 -0.9088067002853905 -1.0
41.0 2.0 Pedestrian -1.0 -1.0 -1.0 -1.0 -1.0 -1.0 -1.0 -1.0 -1.0 -1.0 6.913162993899693 -1.0 -0.5306135427585345 -1.0
41.0 3.0 Pedestrian -1.0 -1.0 -1.0 -1.0 -1.0 -1.0 -1.0 -1.0 -1.0 -1.0 6.88094027864155 -1.0 0.34556340100066485 -1.0
42.0 1.0 Pedestrian -1.0 -1.0 -1.0 -1.0 -1.0 -1.0 -1.0 -1.0 -1.0 -1.0 6.962074043723061 -1.0 -0.8753978565082319 -1.0
42.0 2.0 Pedestrian -1.0 -1.0 -1.0 -1.0 -1.0 -1.0 -1.0 -1.0 -1.0 -1.0 6.897333489983929 -1.0 -0.5396075367882309 -1.0
42.0 3.0 Pedestrian -1.0 -1.0 -1.0 -1.0 -1.0 -1.0 -1.0 -1.0 -1.0 -1.0 6.88568449418836 -1.0 0.4445795202404035 -1.0
43.0 1.0 Pedestrian -1.0 -1.0 -1.0 -1.0 -1.0 -1.0 -1.0 -1.0 -1.0 -1.0 6.939063310876921 -1.0 -0.7293904914528687 -1.0
43.0 2.0 Pedestrian -1.0 -1.0 -1.0 -1.0 -1.0 -1.0 -1.0 -1.0 -1.0 -1.0 6.892263379838229 -1.0 -0.2096680182454393 -1.0
43.0 3.0 Pedestrian -1.0 -1.0 -1.0 -1.0 -1.0 -1.0 -1.0 -1.0 -1.0 -1.0 6.889055979792936 -1.0 0.6167280419423673 -1.0
44.0 1.0 Pedestrian -1.0 -1.0 -1.0 -1.0 -1.0 -1.0 -1.0 -1.0 -1.0 -1.0 6.91885757493191 -1.0 -0.6221441546221408 -1.0
44.0 2.0 Pedestrian -1.0 -1.0 -1.0 -1.0 -1.0 -1.0 -1.0 -1.0 -1.0 -1.0 6.885776520223167 -1.0 0.05308042310227633 -1.0
44.0 3.0 Pedestrian -1.0 -1.0 -1.0 -1.0 -1.0 -1.0 -1.0 -1.0 -1.0 -1.0 6.892427465397511 -1.0 0.7888765636443311 -1.0
45.0 1.0 Pedestrian -1.0 -1.0 -1.0 -1.0 -1.0 -1.0 -1.0 -1.0 -1.0 -1.0 6.902091448594314 -1.0 -0.5347268666846013 -1.0
45.0 2.0 Pedestrian -1.0 -1.0 -1.0 -1.0 -1.0 -1.0 -1.0 -1.0 -1.0 -1.0 6.8840019653691815 -1.0 0.2425243662053148 -1.0
45.0 3.0 Pedestrian -1.0 -1.0 -1.0 -1.0 -1.0 -1.0 -1.0 -1.0 -1.0 -1.0 6.895798951002087 -1.0 0.9610250853462949 -1.0
46.0 1.0 Pedestrian -1.0 -1.0 -1.0 -1.0 -1.0 -1.0 -1.0 -1.0 -1.0 -1.0 6.898411960101089 -1.0 -0.45151224965873155 -1.0
46.0 2.0 Pedestrian -1.0 -1.0 -1.0 -1.0 -1.0 -1.0 -1.0 -1.0 -1.0 -1.0 6.885503339998892 -1.0 0.3574880063460234 -1.0
46.0 3.0 Pedestrian -1.0 -1.0 -1.0 -1.0 -1.0 -1.0 -1.0 -1.0 -1.0 -1.0 6.899170436606663 -1.0 1.1331736070482588 -1.0
47.0 1.0 Pedestrian -1.0 -1.0 -1.0 -1.0 -1.0 -1.0 -1.0 -1.0 -1.0 -1.0 6.891122914454223 -1.0 -0.38416513176353584 -1.0
47.0 2.0 Pedestrian -1.0 -1.0 -1.0 -1.0 -1.0 -1.0 -1.0 -1.0 -1.0 -1.0 6.888934717702946 -1.0 0.4266129264181759 -1.0
48.0 1.0 Pedestrian -1.0 -1.0 -1.0 -1.0 -1.0 -1.0 -1.0 -1.0 -1.0 -1.0 6.898613874694695 -1.0 -0.34368491179055355 -1.0
48.0 2.0 Pedestrian -1.0 -1.0 -1.0 -1.0 -1.0 -1.0 -1.0 -1.0 -1.0 -1.0 6.891480043271522 -1.0 0.47437442114748485 -1.0
49.0 1.0 Pedestrian -1.0 -1.0 -1.0 -1.0 -1.0 -1.0 -1.0 -1.0 -1.0 -1.0 6.902179927243312 -1.0 -0.29605336823655015 -1.0
49.0 2.0 Pedestrian -1.0 -1.0 -1.0 -1.0 -1.0 -1.0 -1.0 -1.0 -1.0 -1.0 6.892332778602671 -1.0 0.5076324058373448 -1.0
50.0 1.0 Pedestrian -1.0 -1.0 -1.0 -1.0 -1.0 -1.0 -1.0 -1.0 -1.0 -1.0 6.903410001790944 -1.0 -0.26848675979144304 -1.0
50.0 2.0 Pedestrian -1.0 -1.0 -1.0 -1.0 -1.0 -1.0 -1.0 -1.0 -1.0 -1.0 6.895163674638226 -1.0 0.49261431678987033 -1.0
51.0 1.0 Pedestrian -1.0 -1.0 -1.0 -1.0 -1.0 -1.0 -1.0 -1.0 -1.0 -1.0 6.910506951505605 -1.0 -0.22976217044522126 -1.0
51.0 2.0 Pedestrian -1.0 -1.0 -1.0 -1.0 -1.0 -1.0 -1.0 -1.0 -1.0 -1.0 6.891300298918704 -1.0 0.4685475826295851 -1.0
52.0 1.0 Pedestrian -1.0 -1.0 -1.0 -1.0 -1.0 -1.0 -1.0 -1.0 -1.0 -1.0 6.9068624411138915 -1.0 -0.20713552639861027 -1.0
52.0 2.0 Pedestrian -1.0 -1.0 -1.0 -1.0 -1.0 -1.0 -1.0 -1.0 -1.0 -1.0 6.895956978891019 -1.0 0.42818133217290094 -1.0
53.0 1.0 Pedestrian -1.0 -1.0 -1.0 -1.0 -1.0 -1.0 -1.0 -1.0 -1.0 -1.0 6.9099066695391596 -1.0 -0.19705432149026275 -1.0
53.0 2.0 Pedestrian -1.0 -1.0 -1.0 -1.0 -1.0 -1.0 -1.0 -1.0 -1.0 -1.0 6.8976370887903755 -1.0 0.4038014415029145 -1.0
