0.0 1.0 Pedestrian -1.0 -1.0 -1.0 -1.0 -1.0 -1.0 -1.0 -1.0 -1.0 -1.0 5.577136473783732 -1.0 3.4343536975958346 -1.0
0.0 2.0 Pedestrian -1.0 -1.0 -1.0 -1.0 -1.0 -1.0 -1.0 -1.0 -1.0 -1.0 5.637183732757093 -1.0 -1.7598117007651328 -1.0
0.0 3.0 Pedestrian -1.0 -1.0 -1.0 -1.0 -1.0 -1.0 -1.0 -1.0 -1.0 -1.0 6.902973389370379 -1.0 0.34901104819617795 -1.0
0.0 4.0 Pedestrian -1.0 -1.0 -1.0 -1.0 -1.0 -1.0 -1.0 -1.0 -1.0 -1.0 6.041284750435709 -1.0 -1.514651491186738 -1.0
1.0 1.0 Pedestrian -1.0 -1.0 -1.0 -1.0 -1.0 -1.0 -1.0 -1.0 -1.0 -1.0 5.72649174124547 -1.0 3.2026789451705318 -1.0
1.0 2.0 Pedestrian -1.0 -1.0 -1.0 -1.0 -1.0 -1.0 -1.0 -1.0 -1.0 -1.0 6.418367587858617 -1.0 -1.7351495621949276 -1.0
1.0 3.0 Pedestrian -1.0 -1.0 -1.0 -1.0 -1.0 -1.0 -1.0 -1.0 -1.0 -1.0 6.896082832681411 -1.0 0.38412633426830334 -1.0
1.0 4.0 Pedestrian -1.0 -1.0 -1.0 -1.0 -1.0 -1.0 -1.0 -1.0 -1.0 -1.0 6.625889940243522 -1.0 -1.3982196640911235 -1.0
2.0 1.0 Pedestrian -1.0 -1.0 -1.0 -1.0 -1.0 -1.0 -1.0 -1.0 -1.0 -1.0 5.925447327943152 -1.0 2.8831848046984425 -1.0
2.0 2.0 Pedestrian -1.0 -1.0 -1.0 -1.0 -1.0 -1.0 -1.0 -1.0 -1.0 -1.0 6.7915029348275615 -1.0 -1.7022673649878843 -1.0
2.0 3.0 Pedestrian -1.0 -1.0 -1.0 -1.0 -1.0 -1.0 -1.0 -1.0 -1.0 -1.0 6.892637726592231 -1.0 0.40168309946610614 -1.0
2.0 4.0 Pedestrian -1.0 -1.0 -1.0 -1.0 -1.0 -1.0 -1.0 -1.0 -1.0 -1.0 6.988270082536729 -1.0 -1.296696103516584 -1.0
2.0 5.0 Pedestrian -1.0 -1.0 -1.0 -1.0 -1.0 -1.0 -1.0 -1.0 -1.0 -1.0 6.799147734566928 -1.0 -1.4736859012591839 -1.0
2.0 6.0 Pedestrian -1.0 -1.0 -1.0 -1.0 -1.0 -1.0 -1.0 -1.0 -1.0 -1.0 6.681570064271568 -1.0 -1.7010098999813794 -1.0
2.0 7.0 Pedestrian -1.0 -1.0 -1.0 -1.0 -1.0 -1.0 -1.0 -1.0 -1.0 -1.0 6.986052302891373 -1.0 -1.2239335131968259 -1.0
3.0 1.0 Pedestrian -1.0 -1.0 -1.0 -1.0 -1.0 -1.0 -1.0 -1.0 -1.0 -1.0 6.417383685148596 -1.0 2.7771198326718673 -1.0
3.0 2.0 Pedestrian -1.0 -1.0 -1.0 -1.0 -1.0 -1.0 -1.0 -1.0 -1.0 -1.0 6.94589406984765 -1.0 0.00045207017741311084 -1.0
3.0 3.0 Pedestrian -1.0 -1.0 -1.0 -1.0 -1.0 -1.0 -1.0 -1.0 -1.0 -1.0 6.937742401238721 -1.0 -1.4644584253086403 -1.0
3.0 4.0 Pedestrian -1.0 -1.0 -1.0 -1.0 -1.0 -1.0 -1.0 -1.0 -1.0 -1.0 7.02106909758351 -1.0 -0.8749764324380842 -1.0
3.0 5.0 Pedestrian -1.0 -1.0 -1.0 -1.0 -1.0 -1.0 -1.0 -1.0 -1.0 -1.0 6.799147734566928 -1.0 -1.4736859012591839 -1.0
3.0 6.0 Pedestrian -1.0 -1.0 -1.0 -1.0 -1.0 -1.0 -1.0 -1.0 -1.0 -1.0 6.681570064271568 -1.0 -1.7010098999813794 -1.0
3.0 7.0 Pedestrian -1.0 -1.0 -1.0 -1.0 -1.0 -1.0 -1.0 -1.0 -1.0 -1.0 6.986052302891373 -1.0 -1.2239335131968259 -1.0
4.0 1.0 Pedestrian -1.0 -1.0 -1.0 -1.0 -1.0 -1.0 -1.0 -1.0 -1.0 -1.0 6.746080303432142 -1.0 2.485762355048245 -1.0
4.0 2.0 Pedestrian -1.0 -1.0 -1.0 -1.0 -1.0 -1.0 -1.0 -1.0 -1.0 -1.0 7.189188792105171 -1.0 1.0258165243304385 -1.0
4.0 3.0 Pedestrian -1.0 -1.0 -1.0 -1.0 -1.0 -1.0 -1.0 -1.0 -1.0 -1.0 6.9609972055462705 -1.0 -1.6015785235158804 -1.0
4.0 4.0 Pedestrian -1.0 -1.0 -1.0 -1.0 -1.0 -1.0 -1.0 -1.0 -1.0 -1.0 7.186695406514132 -1.0 -0.5836005093935099 -1.0
4.0 5.0 Pedestrian -1.0 -1.0 -1.0 -1.0 -1.0 -1.0 -1.0 -1.0 -1.0 -1.0 6.799147734566928 -1.0 -1.4736859012591839 -1.0
4.0 6.0 Pedestrian -1.0 -1.0 -1.0 -1.0 -1.0 -1.0 -1.0 -1.0 -1.0 -1.0 6.681570064271568 -1.0 -1.7010098999813794 -1.0
4.0 7.0 Pedestrian -1.0 -1.0 -1.0 -1.0 -1.0 -1.0 -1.0 -1.0 -1.0 -1.0 6.986052302891373 -1.0 -1.2239335131968259 -1.0
4.0 8.0 Pedestrian -1.0 -1.0 -1.0 -1.0 -1.0 -1.0 -1.0 -1.0 -1.0 -1.0 6.8870722688938635 -1.0 0.34805802248473094 -1.0
5.0 1.0 Pedestrian -1.0 -1.0 -1.0 -1.0 -1.0 -1.0 -1.0 -1.0 -1.0 -1.0 6.909757269242816 -1.0 2.458632548748794 -1.0
5.0 2.0 Pedestrian -1.0 -1.0 -1.0 -1.0 -1.0 -1.0 -1.0 -1.0 -1.0 -1.0 7.023059691919322 -1.0 -0.43874311256221166 -1.0
5.0 3.0 Pedestrian -1.0 -1.0 -1.0 -1.0 -1.0 -1.0 -1.0 -1.0 -1.0 -1.0 6.934058929621957 -1.0 -0.6841924827331674 -1.0
5.0 4.0 Pedestrian -1.0 -1.0 -1.0 -1.0 -1.0 -1.0 -1.0 -1.0 -1.0 -1.0 7.352321715444754 -1.0 -0.2922245863489357 -1.0
5.0 5.0 Pedestrian -1.0 -1.0 -1.0 -1.0 -1.0 -1.0 -1.0 -1.0 -1.0 -1.0 6.799147734566928 -1.0 -1.4736859012591839 -1.0
5.0 6.0 Pedestrian -1.0 -1.0 -1.0 -1.0 -1.0 -1.0 -1.0 -1.0 -1.0 -1.0 6.681570064271568 -1.0 -1.7010098999813794 -1.0
5.0 7.0 Pedestrian -1.0 -1.0 -1.0 -1.0 -1.0 -1.0 -1.0 -1.0 -1.0 -1.0 6.986052302891373 -1.0 -1.2239335131968259 -1.0
5.0 8.0 Pedestrian -1.0 -1.0 -1.0 -1.0 -1.0 -1.0 -1.0 -1.0 -1.0 -1.0 6.8870722688938635 -1.0 0.34805802248473094 -1.0
6.0 1.0 Pedestrian -1.0 -1.0 -1.0 -1.0 -1.0 -1.0 -1.0 -1.0 -1.0 -1.0 6.9799288020398755 -1.0 2.2784169044813867 -1.0
6.0 2.0 Pedestrian -1.0 -1.0 -1.0 -1.0 -1.0 -1.0 -1.0 -1.0 -1.0 -1.0 7.0343490944884195 -1.0 -0.5829186883884405 -1.0
6.0 3.0 Pedestrian -1.0 -1.0 -1.0 -1.0 -1.0 -1.0 -1.0 -1.0 -1.0 -1.0 6.920389769578059 -1.0 -0.19045480415900995 -1.0
6.0 4.0 Pedestrian -1.0 -1.0 -1.0 -1.0 -1.0 -1.0 -1.0 -1.0 -1.0 -1.0 7.517948024375376 -1.0 -0.0008486633043615077 -1.0
6.0 5.0 Pedestrian -1.0 -1.0 -1.0 -1.0 -1.0 -1.0 -1.0 -1.0 -1.0 -1.0 6.799147734566928 -1.0 -1.4736859012591839 -1.0
6.0 6.0 Pedestrian -1.0 -1.0 -1.0 -1.0 -1.0 -1.0 -1.0 -1.0 -1.0 -1.0 6.681570064271568 -1.0 -1.7010098999813794 -1.0
6.0 7.0 Pedestrian -1.0 -1.0 -1.0 -1.0 -1.0 -1.0 -1.0 -1.0 -1.0 -1.0 6.986052302891373 -1.0 -1.2239335131968259 -1.0
6.0 8.0 Pedestrian -1.0 -1.0 -1.0 -1.0 -1.0 -1.0 -1.0 -1.0 -1.0 -1.0 6.8870722688938635 -1.0 0.34805802248473094 -1.0
7.0 1.0 Pedestrian -1.0 -1.0 -1.0 -1.0 -1.0 -1.0 -1.0 -1.0 -1.0 -1.0 7.010980595317498 -1.0 2.0138702822597296 -1.0
7.0 2.0 Pedestrian -1.0 -1.0 -1.0 -1.0 -1.0 -1.0 -1.0 -1.0 -1.0 -1.0 7.017880534800996 -1.0 -0.43722376006974023 -1.0
7.0 3.0 Pedestrian -1.0 -1.0 -1.0 -1.0 -1.0 -1.0 -1.0 -1.0 -1.0 -1.0 6.910362120653926 -1.0 0.11438795591878548 -1.0
7.0 4.0 Pedestrian -1.0 -1.0 -1.0 -1.0 -1.0 -1.0 -1.0 -1.0 -1.0 -1.0 7.683574333305998 -1.0 0.2905272597402127 -1.0
7.0 8.0 Pedestrian -1.0 -1.0 -1.0 -1.0 -1.0 -1.0 -1.0 -1.0 -1.0 -1.0 6.8870722688938635 -1.0 0.34805802248473094 -1.0
8.0 1.0 Pedestrian -1.0 -1.0 -1.0 -1.0 -1.0 -1.0 -1.0 -1.0 -1.0 -1.0 7.0245119222882195 -1.0 1.7094639926355915 -1.0
8.0 2.0 Pedestrian -1.0 -1.0 -1.0 -1.0 -1.0 -1.0 -1.0 -1.0 -1.0 -1.0 7.011269114525905 -1.0 -0.22860608667950155 -1.0
8.0 3.0 Pedestrian -1.0 -1.0 -1.0 -1.0 -1.0 -1.0 -1.0 -1.0 -1.0 -1.0 6.904617469936504 -1.0 0.29696060227937127 -1.0
8.0 8.0 Pedestrian -1.0 -1.0 -1.0 -1.0 -1.0 -1.0 -1.0 -1.0 -1.0 -1.0 6.8870722688938635 -1.0 0.34805802248473094 -1.0
9.0 1.0 Pedestrian -1.0 -1.0 -1.0 -1.0 -1.0 -1.0 -1.0 -1.0 -1.0 -1.0 7.0160057176529 -1.0 1.3550077450960483 -1.0
9.0 2.0 Pedestrian -1.0 -1.0 -1.0 -1.0 -1.0 -1.0 -1.0 -1.0 -1.0 -1.0 6.992804883360936 -1.0 0.030745709060444396 -1.0
9.0 3.0 Pedestrian -1.0 -1.0 -1.0 -1.0 -1.0 -1.0 -1.0 -1.0 -1.0 -1.0 6.90107076501548 -1.0 0.44705361107906183 -1.0
10.0 1.0 Pedestrian -1.0 -1.0 -1.0 -1.0 -1.0 -1.0 -1.0 -1.0 -1.0 -1.0 7.0184133250216725 -1.0 0.9747206692720839 -1.0
10.0 2.0 Pedestrian -1.0 -1.0 -1.0 -1.0 -1.0 -1.0 -1.0 -1.0 -1.0 -1.0 6.970600690493062 -1.0 0.3369484606327779 -1.0
10.0 3.0 Pedestrian -1.0 -1.0 -1.0 -1.0 -1.0 -1.0 -1.0 -1.0 -1.0 -1.0 6.897524060094456 -1.0 0.5971466198787524 -1.0
11.0 1.0 Pedestrian -1.0 -1.0 -1.0 -1.0 -1.0 -1.0 -1.0 -1.0 -1.0 -1.0 7.017919015630293 -1.0 0.576867245049522 -1.0
11.0 2.0 Pedestrian -1.0 -1.0 -1.0 -1.0 -1.0 -1.0 -1.0 -1.0 -1.0 -1.0 6.933521663173068 -1.0 0.6601575977731007 -1.0
11.0 3.0 Pedestrian -1.0 -1.0 -1.0 -1.0 -1.0 -1.0 -1.0 -1.0 -1.0 -1.0 6.8939773551734325 -1.0 0.747239628678443 -1.0
12.0 1.0 Pedestrian -1.0 -1.0 -1.0 -1.0 -1.0 -1.0 -1.0 -1.0 -1.0 -1.0 7.0181002162469115 -1.0 0.1814634907928849 -1.0
12.0 2.0 Pedestrian -1.0 -1.0 -1.0 -1.0 -1.0 -1.0 -1.0 -1.0 -1.0 -1.0 6.891216826050124 -1.0 0.9953250522610881 -1.0
12.0 3.0 Pedestrian -1.0 -1.0 -1.0 -1.0 -1.0 -1.0 -1.0 -1.0 -1.0 -1.0 6.890430650252409 -1.0 0.8973326374781335 -1.0
13.0 1.0 Pedestrian -1.0 -1.0 -1.0 -1.0 -1.0 -1.0 -1.0 -1.0 -1.0 -1.0 7.010496457717588 -1.0 -0.1442798194137033 -1.0
13.0 2.0 Pedestrian -1.0 -1.0 -1.0 -1.0 -1.0 -1.0 -1.0 -1.0 -1.0 -1.0 6.867586218316928 -1.0 1.3564512618978088 -1.0
13.0 9.0 Pedestrian -1.0 -1.0 -1.0 -1.0 -1.0 -1.0 -1.0 -1.0 -1.0 -1.0 6.90120340749997 -1.0 0.27750588080916744 -1.0
14.0 1.0 Pedestrian -1.0 -1.0 -1.0 -1.0 -1.0 -1.0 -1.0 -1.0 -1.0 -1.0 6.9963609052336775 -1.0 -0.4025969406045825 -1.0
14.0 10.0 Pedestrian -1.0 -1.0 -1.0 -1.0 -1.0 -1.0 -1.0 -1.0 -1.0 -1.0 6.959767586088539 -1.0 -0.8455732640172242 -1.0
14.0 2.0 Pedestrian -1.0 -1.0 -1.0 -1.0 -1.0 -1.0 -1.0 -1.0 -1.0 -1.0 6.850649135017738 -1.0 1.5973026939815567 -1.0
14.0 9.0 Pedestrian -1.0 -1.0 -1.0 -1.0 -1.0 -1.0 -1.0 -1.0 -1.0 -1.0 6.902964583928508 -1.0 0.3486553187927303 -1.0
15.0 1.0 Pedestrian -1.0 -1.0 -1.0 -1.0 -1.0 -1.0 -1.0 -1.0 -1.0 -1.0 6.979033822773543 -1.0 -0.5964600797581173 -1.0
15.0 10.0 Pedestrian -1.0 -1.0 -1.0 -1.0 -1.0 -1.0 -1.0 -1.0 -1.0 -1.0 6.959767586088539 -1.0 -0.8455732640172242 -1.0
15.0 2.0 Pedestrian -1.0 -1.0 -1.0 -1.0 -1.0 -1.0 -1.0 -1.0 -1.0 -1.0 6.838466355589401 -1.0 1.7580833634760706 -1.0
15.0 9.0 Pedestrian -1.0 -1.0 -1.0 -1.0 -1.0 -1.0 -1.0 -1.0 -1.0 -1.0 6.8906903882800545 -1.0 0.38393670052649725 -1.0
16.0 1.0 Pedestrian -1.0 -1.0 -1.0 -1.0 -1.0 -1.0 -1.0 -1.0 -1.0 -1.0 6.938535591821364 -1.0 0.011200633177559816 -1.0
16.0 10.0 Pedestrian -1.0 -1.0 -1.0 -1.0 -1.0 -1.0 -1.0 -1.0 -1.0 -1.0 6.959767586088539 -1.0 -0.8455732640172242 -1.0
16.0 2.0 Pedestrian -1.0 -1.0 -1.0 -1.0 -1.0 -1.0 -1.0 -1.0 -1.0 -1.0 6.852824873280341 -1.0 1.3790491208697393 -1.0
16.0 9.0 Pedestrian -1.0 -1.0 -1.0 -1.0 -1.0 -1.0 -1.0 -1.0 -1.0 -1.0 6.886252614523791 -1.0 -0.28711233869843444 -1.0
17.0 1.0 Pedestrian -1.0 -1.0 -1.0 -1.0 -1.0 -1.0 -1.0 -1.0 -1.0 -1.0 6.928974944327057 -1.0 0.07756626038817438 -1.0
17.0 10.0 Pedestrian -1.0 -1.0 -1.0 -1.0 -1.0 -1.0 -1.0 -1.0 -1.0 -1.0 6.959767586088539 -1.0 -0.8455732640172242 -1.0
17.0 2.0 Pedestrian -1.0 -1.0 -1.0 -1.0 -1.0 -1.0 -1.0 -1.0 -1.0 -1.0 6.842177675301174 -1.0 1.5068831782805856 -1.0
17.0 9.0 Pedestrian -1.0 -1.0 -1.0 -1.0 -1.0 -1.0 -1.0 -1.0 -1.0 -1.0 6.897514102869773 -1.0 -0.5067033872004392 -1.0
18.0 1.0 Pedestrian -1.0 -1.0 -1.0 -1.0 -1.0 -1.0 -1.0 -1.0 -1.0 -1.0 6.913629313889599 -1.0 0.14059249929619821 -1.0
18.0 10.0 Pedestrian -1.0 -1.0 -1.0 -1.0 -1.0 -1.0 -1.0 -1.0 -1.0 -1.0 6.959767586088539 -1.0 -0.8455732640172242 -1.0
18.0 2.0 Pedestrian -1.0 -1.0 -1.0 -1.0 -1.0 -1.0 -1.0 -1.0 -1.0 -1.0 6.834624426078326 -1.0 1.5897588973255974 -1.0
18.0 9.0 Pedestrian -1.0 -1.0 -1.0 -1.0 -1.0 -1.0 -1.0 -1.0 -1.0 -1.0 6.903582320905922 -1.0 -0.5665963521073591 -1.0
19.0 1.0 Pedestrian -1.0 -1.0 -1.0 -1.0 -1.0 -1.0 -1.0 -1.0 -1.0 -1.0 6.906767730269901 -1.0 0.18400480961448873 -1.0
19.0 11.0 Pedestrian -1.0 -1.0 -1.0 -1.0 -1.0 -1.0 -1.0 -1.0 -1.0 -1.0 6.799863213859798 -1.0 1.1625255926334859 -1.0
19.0 2.0 Pedestrian -1.0 -1.0 -1.0 -1.0 -1.0 -1.0 -1.0 -1.0 -1.0 -1.0 6.828439577481968 -1.0 1.6977966940196676 -1.0
19.0 9.0 Pedestrian -1.0 -1.0 -1.0 -1.0 -1.0 -1.0 -1.0 -1.0 -1.0 -1.0 6.905895159112786 -1.0 -0.5649495756759061 -1.0
20.0 1.0 Pedestrian -1.0 -1.0 -1.0 -1.0 -1.0 -1.0 -1.0 -1.0 -1.0 -1.0 6.899227996956032 -1.0 0.23467742825648963 -1.0
20.0 11.0 Pedestrian -1.0 -1.0 -1.0 -1.0 -1.0 -1.0 -1.0 -1.0 -1.0 -1.0 6.799863213859798 -1.0 1.1625255926334859 -1.0
20.0 2.0 Pedestrian -1.0 -1.0 -1.0 -1.0 -1.0 -1.0 -1.0 -1.0 -1.0 -1.0 6.860621088638411 -1.0 0.8268312392298208 -1.0
20.0 9.0 Pedestrian -1.0 -1.0 -1.0 -1.0 -1.0 -1.0 -1.0 -1.0 -1.0 -1.0 6.8585843065739285 -1.0 0.1653905171092207 -1.0
