0.0 1.0 Pedestrian -1.0 -1.0 -1.0 -1.0 -1.0 -1.0 -1.0 -1.0 -1.0 -1.0 5.826303349430322 -1.0 -1.6053113104350567 -1.0
0.0 2.0 Pedestrian -1.0 -1.0 -1.0 -1.0 -1.0 -1.0 -1.0 -1.0 -1.0 -1.0 6.153081692867756 -1.0 2.376348451839924 -1.0
0.0 3.0 Pedestrian -1.0 -1.0 -1.0 -1.0 -1.0 -1.0 -1.0 -1.0 -1.0 -1.0 5.935306818129897 -1.0 -1.385365614418149 -1.0
0.0 4.0 Pedestrian -1.0 -1.0 -1.0 -1.0 -1.0 -1.0 -1.0 -1.0 -1.0 -1.0 5.935306818129897 -1.0 -1.385365614418149 -1.0
1.0 1.0 Pedestrian -1.0 -1.0 -1.0 -1.0 -1.0 -1.0 -1.0 -1.0 -1.0 -1.0 5.835081023289135 -1.0 -1.6082901663878464 -1.0
1.0 2.0 Pedestrian -1.0 -1.0 -1.0 -1.0 -1.0 -1.0 -1.0 -1.0 -1.0 -1.0 6.153081692867756 -1.0 2.376348451839924 -1.0
1.0 3.0 Pedestrian -1.0 -1.0 -1.0 -1.0 -1.0 -1.0 -1.0 -1.0 -1.0 -1.0 5.9372115677551776 -1.0 -1.317380748699636 -1.0
1.0 4.0 Pedestrian -1.0 -1.0 -1.0 -1.0 -1.0 -1.0 -1.0 -1.0 -1.0 -1.0 5.9372115677551776 -1.0 -1.317380748699636 -1.0
2.0 1.0 Pedestrian -1.0 -1.0 -1.0 -1.0 -1.0 -1.0 -1.0 -1.0 -1.0 -1.0 5.827416375936906 -1.0 -1.6056888978398909 -1.0
2.0 2.0 Pedestrian -1.0 -1.0 -1.0 -1.0 -1.0 -1.0 -1.0 -1.0 -1.0 -1.0 6.153908332027701 -1.0 2.3767376884504796 -1.0
2.0 3.0 Pedestrian -1.0 -1.0 -1.0 -1.0 -1.0 -1.0 -1.0 -1.0 -1.0 -1.0 5.965906528742288 -1.0 -1.2956313810093008 -1.0
2.0 4.0 Pedestrian -1.0 -1.0 -1.0 -1.0 -1.0 -1.0 -1.0 -1.0 -1.0 -1.0 5.965906528742288 -1.0 -1.2956313810093008 -1.0
3.0 1.0 Pedestrian -1.0 -1.0 -1.0 -1.0 -1.0 -1.0 -1.0 -1.0 -1.0 -1.0 5.823772684420502 -1.0 -1.6044524192378393 -1.0
3.0 2.0 Pedestrian -1.0 -1.0 -1.0 -1.0 -1.0 -1.0 -1.0 -1.0 -1.0 -1.0 5.574224754870578 -1.0 2.1582671018214747 -1.0
3.0 3.0 Pedestrian -1.0 -1.0 -1.0 -1.0 -1.0 -1.0 -1.0 -1.0 -1.0 -1.0 5.991386856106244 -1.0 -1.2717358782841581 -1.0
3.0 4.0 Pedestrian -1.0 -1.0 -1.0 -1.0 -1.0 -1.0 -1.0 -1.0 -1.0 -1.0 5.9938038877356625 -1.0 -1.2735300734956616 -1.0
4.0 1.0 Pedestrian -1.0 -1.0 -1.0 -1.0 -1.0 -1.0 -1.0 -1.0 -1.0 -1.0 5.848060918093253 -1.0 -1.6126952752949566 -1.0
4.0 2.0 Pedestrian -1.0 -1.0 -1.0 -1.0 -1.0 -1.0 -1.0 -1.0 -1.0 -1.0 5.229927177401282 -1.0 2.0285391622350546 -1.0
4.0 3.0 Pedestrian -1.0 -1.0 -1.0 -1.0 -1.0 -1.0 -1.0 -1.0 -1.0 -1.0 6.017847284566398 -1.0 -1.2485679178353277 -1.0
4.0 4.0 Pedestrian -1.0 -1.0 -1.0 -1.0 -1.0 -1.0 -1.0 -1.0 -1.0 -1.0 6.021701246729037 -1.0 -1.2514287659820225 -1.0
4.0 5.0 Pedestrian -1.0 -1.0 -1.0 -1.0 -1.0 -1.0 -1.0 -1.0 -1.0 -1.0 6.1793191028862005 -1.0 2.313001424721718 -1.0
5.0 1.0 Pedestrian -1.0 -1.0 -1.0 -1.0 -1.0 -1.0 -1.0 -1.0 -1.0 -1.0 5.836281815588479 -1.0 -1.6086977308739534 -1.0
5.0 2.0 Pedestrian -1.0 -1.0 -1.0 -1.0 -1.0 -1.0 -1.0 -1.0 -1.0 -1.0 5.800035279816896 -1.0 -0.7277421368991959 -1.0
5.0 3.0 Pedestrian -1.0 -1.0 -1.0 -1.0 -1.0 -1.0 -1.0 -1.0 -1.0 -1.0 6.160441355618963 -1.0 1.7096725277536733 -1.0
5.0 4.0 Pedestrian -1.0 -1.0 -1.0 -1.0 -1.0 -1.0 -1.0 -1.0 -1.0 -1.0 6.049598605722412 -1.0 -1.2293274584683833 -1.0
5.0 5.0 Pedestrian -1.0 -1.0 -1.0 -1.0 -1.0 -1.0 -1.0 -1.0 -1.0 -1.0 6.1793191028862005 -1.0 2.313001424721718 -1.0
6.0 1.0 Pedestrian -1.0 -1.0 -1.0 -1.0 -1.0 -1.0 -1.0 -1.0 -1.0 -1.0 5.829524121295873 -1.0 -1.606404347194444 -1.0
6.0 2.0 Pedestrian -1.0 -1.0 -1.0 -1.0 -1.0 -1.0 -1.0 -1.0 -1.0 -1.0 5.789985996018668 -1.0 -1.6334630513886992 -1.0
6.0 3.0 Pedestrian -1.0 -1.0 -1.0 -1.0 -1.0 -1.0 -1.0 -1.0 -1.0 -1.0 6.223146502197312 -1.0 2.648861655761473 -1.0
6.0 4.0 Pedestrian -1.0 -1.0 -1.0 -1.0 -1.0 -1.0 -1.0 -1.0 -1.0 -1.0 6.004996596558772 -1.0 -1.2718210346550942 -1.0
6.0 5.0 Pedestrian -1.0 -1.0 -1.0 -1.0 -1.0 -1.0 -1.0 -1.0 -1.0 -1.0 6.187779498864796 -1.0 2.3168563746971937 -1.0
6.0 6.0 Pedestrian -1.0 -1.0 -1.0 -1.0 -1.0 -1.0 -1.0 -1.0 -1.0 -1.0 6.003144497201562 -1.0 -1.2734712027271986 -1.0
7.0 1.0 Pedestrian -1.0 -1.0 -1.0 -1.0 -1.0 -1.0 -1.0 -1.0 -1.0 -1.0 5.840075127690666 -1.0 -1.6099850675577516 -1.0
7.0 2.0 Pedestrian -1.0 -1.0 -1.0 -1.0 -1.0 -1.0 -1.0 -1.0 -1.0 -1.0 5.962697042453108 -1.0 -0.12183183055788493 -1.0
7.0 3.0 Pedestrian -1.0 -1.0 -1.0 -1.0 -1.0 -1.0 -1.0 -1.0 -1.0 -1.0 6.285851648775661 -1.0 3.588050783769272 -1.0
7.0 4.0 Pedestrian -1.0 -1.0 -1.0 -1.0 -1.0 -1.0 -1.0 -1.0 -1.0 -1.0 6.016960740685697 -1.0 -1.2639157703268529 -1.0
7.0 5.0 Pedestrian -1.0 -1.0 -1.0 -1.0 -1.0 -1.0 -1.0 -1.0 -1.0 -1.0 6.1911636234166805 -1.0 2.3183983392685095 -1.0
7.0 6.0 Pedestrian -1.0 -1.0 -1.0 -1.0 -1.0 -1.0 -1.0 -1.0 -1.0 -1.0 6.003144497201562 -1.0 -1.2734712027271986 -1.0
8.0 1.0 Pedestrian -1.0 -1.0 -1.0 -1.0 -1.0 -1.0 -1.0 -1.0 -1.0 -1.0 5.857616488838271 -1.0 -1.6159382415076942 -1.0
8.0 2.0 Pedestrian -1.0 -1.0 -1.0 -1.0 -1.0 -1.0 -1.0 -1.0 -1.0 -1.0 5.999775228348417 -1.0 -0.8509837811601437 -1.0
8.0 3.0 Pedestrian -1.0 -1.0 -1.0 -1.0 -1.0 -1.0 -1.0 -1.0 -1.0 -1.0 6.2202434122452885 -1.0 2.7895604427657856 -1.0
8.0 4.0 Pedestrian -1.0 -1.0 -1.0 -1.0 -1.0 -1.0 -1.0 -1.0 -1.0 -1.0 6.035084417837791 -1.0 -1.294566258049278 -1.0
8.0 5.0 Pedestrian -1.0 -1.0 -1.0 -1.0 -1.0 -1.0 -1.0 -1.0 -1.0 -1.0 6.194547747968565 -1.0 2.319940303839825 -1.0
8.0 6.0 Pedestrian -1.0 -1.0 -1.0 -1.0 -1.0 -1.0 -1.0 -1.0 -1.0 -1.0 6.003144497201562 -1.0 -1.2734712027271986 -1.0
9.0 1.0 Pedestrian -1.0 -1.0 -1.0 -1.0 -1.0 -1.0 -1.0 -1.0 -1.0 -1.0 5.870857754831902 -1.0 -1.620432069646561 -1.0
9.0 2.0 Pedestrian -1.0 -1.0 -1.0 -1.0 -1.0 -1.0 -1.0 -1.0 -1.0 -1.0 5.974144246347805 -1.0 -1.3001583322152785 -1.0
9.0 3.0 Pedestrian -1.0 -1.0 -1.0 -1.0 -1.0 -1.0 -1.0 -1.0 -1.0 -1.0 6.216672626373394 -1.0 2.818652229478508 -1.0
9.0 4.0 Pedestrian -1.0 -1.0 -1.0 -1.0 -1.0 -1.0 -1.0 -1.0 -1.0 -1.0 6.048182820450289 -1.0 -1.2937609132688965 -1.0
9.0 5.0 Pedestrian -1.0 -1.0 -1.0 -1.0 -1.0 -1.0 -1.0 -1.0 -1.0 -1.0 6.19793187252045 -1.0 2.321482268411141 -1.0
9.0 6.0 Pedestrian -1.0 -1.0 -1.0 -1.0 -1.0 -1.0 -1.0 -1.0 -1.0 -1.0 6.003144497201562 -1.0 -1.2734712027271986 -1.0
10.0 1.0 Pedestrian -1.0 -1.0 -1.0 -1.0 -1.0 -1.0 -1.0 -1.0 -1.0 -1.0 5.85954173254613 -1.0 -1.6165916828238192 -1.0
10.0 2.0 Pedestrian -1.0 -1.0 -1.0 -1.0 -1.0 -1.0 -1.0 -1.0 -1.0 -1.0 6.063401927590276 -1.0 -0.14253756975399634 -1.0
10.0 3.0 Pedestrian -1.0 -1.0 -1.0 -1.0 -1.0 -1.0 -1.0 -1.0 -1.0 -1.0 6.247553140177461 -1.0 3.3245737077142348 -1.0
10.0 4.0 Pedestrian -1.0 -1.0 -1.0 -1.0 -1.0 -1.0 -1.0 -1.0 -1.0 -1.0 6.061281223062786 -1.0 -1.292955568488515 -1.0
10.0 5.0 Pedestrian -1.0 -1.0 -1.0 -1.0 -1.0 -1.0 -1.0 -1.0 -1.0 -1.0 6.201315997072335 -1.0 2.3230242329824566 -1.0
10.0 6.0 Pedestrian -1.0 -1.0 -1.0 -1.0 -1.0 -1.0 -1.0 -1.0 -1.0 -1.0 6.003144497201562 -1.0 -1.2734712027271986 -1.0
11.0 1.0 Pedestrian -1.0 -1.0 -1.0 -1.0 -1.0 -1.0 -1.0 -1.0 -1.0 -1.0 5.9128777574496825 -1.0 -1.6346927120287835 -1.0
11.0 2.0 Pedestrian -1.0 -1.0 -1.0 -1.0 -1.0 -1.0 -1.0 -1.0 -1.0 -1.0 6.127844969425686 -1.0 0.7318121357157326 -1.0
11.0 3.0 Pedestrian -1.0 -1.0 -1.0 -1.0 -1.0 -1.0 -1.0 -1.0 -1.0 -1.0 6.278433653981527 -1.0 3.8304951859499616 -1.0
11.0 4.0 Pedestrian -1.0 -1.0 -1.0 -1.0 -1.0 -1.0 -1.0 -1.0 -1.0 -1.0 6.074379625675284 -1.0 -1.2921502237081335 -1.0
12.0 1.0 Pedestrian -1.0 -1.0 -1.0 -1.0 -1.0 -1.0 -1.0 -1.0 -1.0 -1.0 5.940912602701873 -1.0 -1.6191894093975325 -1.0
12.0 2.0 Pedestrian -1.0 -1.0 -1.0 -1.0 -1.0 -1.0 -1.0 -1.0 -1.0 -1.0 6.159558388020612 -1.0 0.8422049827075463 -1.0
12.0 3.0 Pedestrian -1.0 -1.0 -1.0 -1.0 -1.0 -1.0 -1.0 -1.0 -1.0 -1.0 6.326121345579649 -1.0 0.760240448399236 -1.0
12.0 4.0 Pedestrian -1.0 -1.0 -1.0 -1.0 -1.0 -1.0 -1.0 -1.0 -1.0 -1.0 6.087478028287781 -1.0 -1.291344878927752 -1.0
12.0 7.0 Pedestrian -1.0 -1.0 -1.0 -1.0 -1.0 -1.0 -1.0 -1.0 -1.0 -1.0 6.209025303316235 -1.0 2.251247890602708 -1.0
13.0 1.0 Pedestrian -1.0 -1.0 -1.0 -1.0 -1.0 -1.0 -1.0 -1.0 -1.0 -1.0 6.043783326926546 -1.0 -1.634228732357353 -1.0
13.0 2.0 Pedestrian -1.0 -1.0 -1.0 -1.0 -1.0 -1.0 -1.0 -1.0 -1.0 -1.0 6.280285006001204 -1.0 -0.2046634621380672 -1.0
13.0 3.0 Pedestrian -1.0 -1.0 -1.0 -1.0 -1.0 -1.0 -1.0 -1.0 -1.0 -1.0 6.295406707073786 -1.0 1.3982670798190249 -1.0
13.0 7.0 Pedestrian -1.0 -1.0 -1.0 -1.0 -1.0 -1.0 -1.0 -1.0 -1.0 -1.0 6.209025303316235 -1.0 2.251247890602708 -1.0
14.0 1.0 Pedestrian -1.0 -1.0 -1.0 -1.0 -1.0 -1.0 -1.0 -1.0 -1.0 -1.0 6.100847771151208 -1.0 -1.6394772417751522 -1.0
14.0 2.0 Pedestrian -1.0 -1.0 -1.0 -1.0 -1.0 -1.0 -1.0 -1.0 -1.0 -1.0 6.32986049496071 -1.0 -0.32649552973946416 -1.0
14.0 3.0 Pedestrian -1.0 -1.0 -1.0 -1.0 -1.0 -1.0 -1.0 -1.0 -1.0 -1.0 6.281577769350451 -1.0 1.7545268262631601 -1.0
14.0 7.0 Pedestrian -1.0 -1.0 -1.0 -1.0 -1.0 -1.0 -1.0 -1.0 -1.0 -1.0 6.209025303316235 -1.0 2.251247890602708 -1.0
14.0 8.0 Pedestrian -1.0 -1.0 -1.0 -1.0 -1.0 -1.0 -1.0 -1.0 -1.0 -1.0 6.439659524642467 -1.0 -1.3539708009295464 -1.0
15.0 1.0 Pedestrian -1.0 -1.0 -1.0 -1.0 -1.0 -1.0 -1.0 -1.0 -1.0 -1.0 6.25490189114592 -1.0 -1.6805360155528497 -1.0
15.0 2.0 Pedestrian -1.0 -1.0 -1.0 -1.0 -1.0 -1.0 -1.0 -1.0 -1.0 -1.0 6.302757474240864 -1.0 0.9511352798705803 -1.0
15.0 3.0 Pedestrian -1.0 -1.0 -1.0 -1.0 -1.0 -1.0 -1.0 -1.0 -1.0 -1.0 6.375682408766163 -1.0 0.6506607817357508 -1.0
15.0 7.0 Pedestrian -1.0 -1.0 -1.0 -1.0 -1.0 -1.0 -1.0 -1.0 -1.0 -1.0 6.209025303316235 -1.0 2.251247890602708 -1.0
15.0 8.0 Pedestrian -1.0 -1.0 -1.0 -1.0 -1.0 -1.0 -1.0 -1.0 -1.0 -1.0 6.439659524642467 -1.0 -1.3539708009295464 -1.0
16.0 1.0 Pedestrian -1.0 -1.0 -1.0 -1.0 -1.0 -1.0 -1.0 -1.0 -1.0 -1.0 6.366475644430455 -1.0 -1.7111212122667125 -1.0
16.0 2.0 Pedestrian -1.0 -1.0 -1.0 -1.0 -1.0 -1.0 -1.0 -1.0 -1.0 -1.0 6.310690872342458 -1.0 1.5302533559054716 -1.0
16.0 3.0 Pedestrian -1.0 -1.0 -1.0 -1.0 -1.0 -1.0 -1.0 -1.0 -1.0 -1.0 6.407104423171675 -1.0 0.5009928113832762 -1.0
16.0 7.0 Pedestrian -1.0 -1.0 -1.0 -1.0 -1.0 -1.0 -1.0 -1.0 -1.0 -1.0 6.209025303316235 -1.0 2.251247890602708 -1.0
16.0 8.0 Pedestrian -1.0 -1.0 -1.0 -1.0 -1.0 -1.0 -1.0 -1.0 -1.0 -1.0 6.439659524642467 -1.0 -1.3539708009295464 -1.0
17.0 1.0 Pedestrian -1.0 -1.0 -1.0 -1.0 -1.0 -1.0 -1.0 -1.0 -1.0 -1.0 6.441322633304502 -1.0 -1.7323213919571196 -1.0
17.0 2.0 Pedestrian -1.0 -1.0 -1.0 -1.0 -1.0 -1.0 -1.0 -1.0 -1.0 -1.0 6.315202538591101 -1.0 1.888929853783288 -1.0
17.0 3.0 Pedestrian -1.0 -1.0 -1.0 -1.0 -1.0 -1.0 -1.0 -1.0 -1.0 -1.0 6.4385264375771865 -1.0 0.3513248410308017 -1.0
17.0 8.0 Pedestrian -1.0 -1.0 -1.0 -1.0 -1.0 -1.0 -1.0 -1.0 -1.0 -1.0 6.439659524642467 -1.0 -1.3539708009295464 -1.0
18.0 1.0 Pedestrian -1.0 -1.0 -1.0 -1.0 -1.0 -1.0 -1.0 -1.0 -1.0 -1.0 6.515426245210104 -1.0 -1.740836705316056 -1.0
18.0 2.0 Pedestrian -1.0 -1.0 -1.0 -1.0 -1.0 -1.0 -1.0 -1.0 -1.0 -1.0 6.32501384343329 -1.0 2.097365120748123 -1.0
18.0 3.0 Pedestrian -1.0 -1.0 -1.0 -1.0 -1.0 -1.0 -1.0 -1.0 -1.0 -1.0 6.469948451982698 -1.0 0.20165687067832716 -1.0
18.0 8.0 Pedestrian -1.0 -1.0 -1.0 -1.0 -1.0 -1.0 -1.0 -1.0 -1.0 -1.0 6.439659524642467 -1.0 -1.3539708009295464 -1.0
19.0 1.0 Pedestrian -1.0 -1.0 -1.0 -1.0 -1.0 -1.0 -1.0 -1.0 -1.0 -1.0 6.632341515645209 -1.0 -1.7383682502597353 -1.0
19.0 2.0 Pedestrian -1.0 -1.0 -1.0 -1.0 -1.0 -1.0 -1.0 -1.0 -1.0 -1.0 6.328877355629173 -1.0 2.223543000394749 -1.0
19.0 3.0 Pedestrian -1.0 -1.0 -1.0 -1.0 -1.0 -1.0 -1.0 -1.0 -1.0 -1.0 6.5013704663882095 -1.0 0.05198890032585263 -1.0
19.0 8.0 Pedestrian -1.0 -1.0 -1.0 -1.0 -1.0 -1.0 -1.0 -1.0 -1.0 -1.0 6.542742664942627 -1.0 -1.5912476276076166 -1.0
19.0 9.0 Pedestrian -1.0 -1.0 -1.0 -1.0 -1.0 -1.0 -1.0 -1.0 -1.0 -1.0 6.854311026319742 -1.0 -1.530115000071287 -1.0
20.0 1.0 Pedestrian -1.0 -1.0 -1.0 -1.0 -1.0 -1.0 -1.0 -1.0 -1.0 -1.0 6.5595825932969944 -1.0 -0.3434941903711508 -1.0
20.0 2.0 Pedestrian -1.0 -1.0 -1.0 -1.0 -1.0 -1.0 -1.0 -1.0 -1.0 -1.0 6.447009230791646 -1.0 0.916360534166397 -1.0
20.0 8.0 Pedestrian -1.0 -1.0 -1.0 -1.0 -1.0 -1.0 -1.0 -1.0 -1.0 -1.0 6.562567641758867 -1.0 -1.6368807696929908 -1.0
20.0 9.0 Pedestrian -1.0 -1.0 -1.0 -1.0 -1.0 -1.0 -1.0 -1.0 -1.0 -1.0 6.854311026319742 -1.0 -1.530115000071287 -1.0
21.0 1.0 Pedestrian -1.0 -1.0 -1.0 -1.0 -1.0 -1.0 -1.0 -1.0 -1.0 -1.0 6.609525836274694 -1.0 -0.051700572075567164 -1.0
21.0 10.0 Pedestrian -1.0 -1.0 -1.0 -1.0 -1.0 -1.0 -1.0 -1.0 -1.0 -1.0 6.3133352224015 -1.0 1.9978483520349264 -1.0
21.0 2.0 Pedestrian -1.0 -1.0 -1.0 -1.0 -1.0 -1.0 -1.0 -1.0 -1.0 -1.0 6.476931506402483 -1.0 -0.09679359913902574 -1.0
21.0 8.0 Pedestrian -1.0 -1.0 -1.0 -1.0 -1.0 -1.0 -1.0 -1.0 -1.0 -1.0 6.582392618575107 -1.0 -1.682513911778365 -1.0
21.0 9.0 Pedestrian -1.0 -1.0 -1.0 -1.0 -1.0 -1.0 -1.0 -1.0 -1.0 -1.0 6.854311026319742 -1.0 -1.530115000071287 -1.0
22.0 1.0 Pedestrian -1.0 -1.0 -1.0 -1.0 -1.0 -1.0 -1.0 -1.0 -1.0 -1.0 6.636813629165613 -1.0 -0.6897923155910543 -1.0
22.0 10.0 Pedestrian -1.0 -1.0 -1.0 -1.0 -1.0 -1.0 -1.0 -1.0 -1.0 -1.0 6.3133352224015 -1.0 1.9978483520349264 -1.0
22.0 2.0 Pedestrian -1.0 -1.0 -1.0 -1.0 -1.0 -1.0 -1.0 -1.0 -1.0 -1.0 6.441695464650221 -1.0 0.48551506381849185 -1.0
22.0 8.0 Pedestrian -1.0 -1.0 -1.0 -1.0 -1.0 -1.0 -1.0 -1.0 -1.0 -1.0 6.602217595391347 -1.0 -1.7281470538637391 -1.0
22.0 9.0 Pedestrian -1.0 -1.0 -1.0 -1.0 -1.0 -1.0 -1.0 -1.0 -1.0 -1.0 6.854311026319742 -1.0 -1.530115000071287 -1.0
23.0 1.0 Pedestrian -1.0 -1.0 -1.0 -1.0 -1.0 -1.0 -1.0 -1.0 -1.0 -1.0 6.684560030961076 -1.0 -1.0554055890820846 -1.0
23.0 10.0 Pedestrian -1.0 -1.0 -1.0 -1.0 -1.0 -1.0 -1.0 -1.0 -1.0 -1.0 6.3133352224015 -1.0 1.9978483520349264 -1.0
23.0 2.0 Pedestrian -1.0 -1.0 -1.0 -1.0 -1.0 -1.0 -1.0 -1.0 -1.0 -1.0 6.55476009752209 -1.0 -0.3163630373871307 -1.0
23.0 8.0 Pedestrian -1.0 -1.0 -1.0 -1.0 -1.0 -1.0 -1.0 -1.0 -1.0 -1.0 6.32653745772583 -1.0 1.9080733259384428 -1.0
23.0 9.0 Pedestrian -1.0 -1.0 -1.0 -1.0 -1.0 -1.0 -1.0 -1.0 -1.0 -1.0 6.854311026319742 -1.0 -1.530115000071287 -1.0
24.0 1.0 Pedestrian -1.0 -1.0 -1.0 -1.0 -1.0 -1.0 -1.0 -1.0 -1.0 -1.0 6.797865703935479 -1.0 -1.1385529923906832 -1.0
24.0 10.0 Pedestrian -1.0 -1.0 -1.0 -1.0 -1.0 -1.0 -1.0 -1.0 -1.0 -1.0 6.3133352224015 -1.0 1.9978483520349264 -1.0
24.0 2.0 Pedestrian -1.0 -1.0 -1.0 -1.0 -1.0 -1.0 -1.0 -1.0 -1.0 -1.0 6.600336997360442 -1.0 -1.0003803035252614 -1.0
24.0 8.0 Pedestrian -1.0 -1.0 -1.0 -1.0 -1.0 -1.0 -1.0 -1.0 -1.0 -1.0 6.296298688281021 -1.0 2.288156146884193 -1.0
25.0 1.0 Pedestrian -1.0 -1.0 -1.0 -1.0 -1.0 -1.0 -1.0 -1.0 -1.0 -1.0 6.836029021740617 -1.0 -1.1467534037138112 -1.0
25.0 10.0 Pedestrian -1.0 -1.0 -1.0 -1.0 -1.0 -1.0 -1.0 -1.0 -1.0 -1.0 6.3133352224015 -1.0 1.9978483520349264 -1.0
25.0 2.0 Pedestrian -1.0 -1.0 -1.0 -1.0 -1.0 -1.0 -1.0 -1.0 -1.0 -1.0 6.568062972065061 -1.0 -1.4837189670654773 -1.0
25.0 8.0 Pedestrian -1.0 -1.0 -1.0 -1.0 -1.0 -1.0 -1.0 -1.0 -1.0 -1.0 6.2932091449418825 -1.0 2.477650645999873 -1.0
26.0 1.0 Pedestrian -1.0 -1.0 -1.0 -1.0 -1.0 -1.0 -1.0 -1.0 -1.0 -1.0 6.8199195378048065 -1.0 -1.170892681627709 -1.0
26.0 2.0 Pedestrian -1.0 -1.0 -1.0 -1.0 -1.0 -1.0 -1.0 -1.0 -1.0 -1.0 6.532711219687362 -1.0 -1.817811664122206 -1.0
26.0 8.0 Pedestrian -1.0 -1.0 -1.0 -1.0 -1.0 -1.0 -1.0 -1.0 -1.0 -1.0 6.289760871592968 -1.0 2.580626117870951 -1.0
27.0 1.0 Pedestrian -1.0 -1.0 -1.0 -1.0 -1.0 -1.0 -1.0 -1.0 -1.0 -1.0 6.683440520522063 -1.0 -1.3143077158363945 -1.0
27.0 11.0 Pedestrian -1.0 -1.0 -1.0 -1.0 -1.0 -1.0 -1.0 -1.0 -1.0 -1.0 6.319392382313847 -1.0 1.9635247252680064 -1.0
27.0 12.0 Pedestrian -1.0 -1.0 -1.0 -1.0 -1.0 -1.0 -1.0 -1.0 -1.0 -1.0 6.8890994667436765 -1.0 0.31254268390529416 -1.0
27.0 2.0 Pedestrian -1.0 -1.0 -1.0 -1.0 -1.0 -1.0 -1.0 -1.0 -1.0 -1.0 6.500436615376772 -1.0 -2.0215660772152977 -1.0
27.0 8.0 Pedestrian -1.0 -1.0 -1.0 -1.0 -1.0 -1.0 -1.0 -1.0 -1.0 -1.0 6.260977075715622 -1.0 3.0710648947443975 -1.0
28.0 1.0 Pedestrian -1.0 -1.0 -1.0 -1.0 -1.0 -1.0 -1.0 -1.0 -1.0 -1.0 6.604241169439165 -1.0 -1.4325162434831118 -1.0
28.0 11.0 Pedestrian -1.0 -1.0 -1.0 -1.0 -1.0 -1.0 -1.0 -1.0 -1.0 -1.0 6.319392382313847 -1.0 1.9635247252680064 -1.0
28.0 12.0 Pedestrian -1.0 -1.0 -1.0 -1.0 -1.0 -1.0 -1.0 -1.0 -1.0 -1.0 6.8890994667436765 -1.0 0.31254268390529416 -1.0
28.0 13.0 Pedestrian -1.0 -1.0 -1.0 -1.0 -1.0 -1.0 -1.0 -1.0 -1.0 -1.0 6.4143015573270326 -1.0 -1.7324295128872393 -1.0
28.0 14.0 Pedestrian -1.0 -1.0 -1.0 -1.0 -1.0 -1.0 -1.0 -1.0 -1.0 -1.0 6.597076441938878 -1.0 -1.1751879228377342 -1.0
28.0 2.0 Pedestrian -1.0 -1.0 -1.0 -1.0 -1.0 -1.0 -1.0 -1.0 -1.0 -1.0 6.5036528980805794 -1.0 -2.3567855114393677 -1.0
28.0 8.0 Pedestrian -1.0 -1.0 -1.0 -1.0 -1.0 -1.0 -1.0 -1.0 -1.0 -1.0 6.271143248558171 -1.0 2.73656234962265 -1.0
29.0 1.0 Pedestrian -1.0 -1.0 -1.0 -1.0 -1.0 -1.0 -1.0 -1.0 -1.0 -1.0 6.483052823760664 -1.0 -0.19117440833016341 -1.0
29.0 11.0 Pedestrian -1.0 -1.0 -1.0 -1.0 -1.0 -1.0 -1.0 -1.0 -1.0 -1.0 6.319392382313847 -1.0 1.9635247252680064 -1.0
29.0 12.0 Pedestrian -1.0 -1.0 -1.0 -1.0 -1.0 -1.0 -1.0 -1.0 -1.0 -1.0 6.8890994667436765 -1.0 0.31254268390529416 -1.0
29.0 13.0 Pedestrian -1.0 -1.0 -1.0 -1.0 -1.0 -1.0 -1.0 -1.0 -1.0 -1.0 6.4143015573270326 -1.0 -1.7324295128872393 -1.0
29.0 14.0 Pedestrian -1.0 -1.0 -1.0 -1.0 -1.0 -1.0 -1.0 -1.0 -1.0 -1.0 6.597076441938878 -1.0 -1.1751879228377342 -1.0
29.0 2.0 Pedestrian -1.0 -1.0 -1.0 -1.0 -1.0 -1.0 -1.0 -1.0 -1.0 -1.0 6.469658539866179 -1.0 -2.2387304589427925 -1.0
29.0 8.0 Pedestrian -1.0 -1.0 -1.0 -1.0 -1.0 -1.0 -1.0 -1.0 -1.0 -1.0 6.2505790117992515 -1.0 3.0529148771813763 -1.0
30.0 1.0 Pedestrian -1.0 -1.0 -1.0 -1.0 -1.0 -1.0 -1.0 -1.0 -1.0 -1.0 6.394647392779035 -1.0 0.7708660287011785 -1.0
30.0 11.0 Pedestrian -1.0 -1.0 -1.0 -1.0 -1.0 -1.0 -1.0 -1.0 -1.0 -1.0 6.319392382313847 -1.0 1.9635247252680064 -1.0
30.0 12.0 Pedestrian -1.0 -1.0 -1.0 -1.0 -1.0 -1.0 -1.0 -1.0 -1.0 -1.0 6.8890994667436765 -1.0 0.31254268390529416 -1.0
30.0 13.0 Pedestrian -1.0 -1.0 -1.0 -1.0 -1.0 -1.0 -1.0 -1.0 -1.0 -1.0 6.4143015573270326 -1.0 -1.7324295128872393 -1.0
30.0 14.0 Pedestrian -1.0 -1.0 -1.0 -1.0 -1.0 -1.0 -1.0 -1.0 -1.0 -1.0 6.597076441938878 -1.0 -1.1751879228377342 -1.0
30.0 2.0 Pedestrian -1.0 -1.0 -1.0 -1.0 -1.0 -1.0 -1.0 -1.0 -1.0 -1.0 6.64310958769668 -1.0 -1.3073979796421713 -1.0
30.0 8.0 Pedestrian -1.0 -1.0 -1.0 -1.0 -1.0 -1.0 -1.0 -1.0 -1.0 -1.0 6.330501342890261 -1.0 0.5335615896526713 -1.0
31.0 1.0 Pedestrian -1.0 -1.0 -1.0 -1.0 -1.0 -1.0 -1.0 -1.0 -1.0 -1.0 6.338425257748318 -1.0 1.481138452660118 -1.0
31.0 11.0 Pedestrian -1.0 -1.0 -1.0 -1.0 -1.0 -1.0 -1.0 -1.0 -1.0 -1.0 6.319392382313847 -1.0 1.9635247252680064 -1.0
31.0 12.0 Pedestrian -1.0 -1.0 -1.0 -1.0 -1.0 -1.0 -1.0 -1.0 -1.0 -1.0 6.8890994667436765 -1.0 0.31254268390529416 -1.0
31.0 13.0 Pedestrian -1.0 -1.0 -1.0 -1.0 -1.0 -1.0 -1.0 -1.0 -1.0 -1.0 6.4143015573270326 -1.0 -1.7324295128872393 -1.0
31.0 14.0 Pedestrian -1.0 -1.0 -1.0 -1.0 -1.0 -1.0 -1.0 -1.0 -1.0 -1.0 6.597076441938878 -1.0 -1.1751879228377342 -1.0
31.0 2.0 Pedestrian -1.0 -1.0 -1.0 -1.0 -1.0 -1.0 -1.0 -1.0 -1.0 -1.0 6.764765437295705 -1.0 -0.6773507487782677 -1.0
31.0 8.0 Pedestrian -1.0 -1.0 -1.0 -1.0 -1.0 -1.0 -1.0 -1.0 -1.0 -1.0 6.297415727143839 -1.0 -0.5920503236203121 -1.0
32.0 1.0 Pedestrian -1.0 -1.0 -1.0 -1.0 -1.0 -1.0 -1.0 -1.0 -1.0 -1.0 6.287812938649961 -1.0 1.9953884934787696 -1.0
32.0 13.0 Pedestrian -1.0 -1.0 -1.0 -1.0 -1.0 -1.0 -1.0 -1.0 -1.0 -1.0 6.4143015573270326 -1.0 -1.7324295128872393 -1.0
32.0 14.0 Pedestrian -1.0 -1.0 -1.0 -1.0 -1.0 -1.0 -1.0 -1.0 -1.0 -1.0 6.597076441938878 -1.0 -1.1751879228377342 -1.0
32.0 2.0 Pedestrian -1.0 -1.0 -1.0 -1.0 -1.0 -1.0 -1.0 -1.0 -1.0 -1.0 6.840413652509148 -1.0 -0.24189222505691627 -1.0
32.0 8.0 Pedestrian -1.0 -1.0 -1.0 -1.0 -1.0 -1.0 -1.0 -1.0 -1.0 -1.0 6.184763327284726 -1.0 -1.2655710742062776 -1.0
33.0 1.0 Pedestrian -1.0 -1.0 -1.0 -1.0 -1.0 -1.0 -1.0 -1.0 -1.0 -1.0 6.145368357996042 -1.0 2.3091605159747175 -1.0
33.0 13.0 Pedestrian -1.0 -1.0 -1.0 -1.0 -1.0 -1.0 -1.0 -1.0 -1.0 -1.0 6.265372284702749 -1.0 -1.2375962431728111 -1.0
33.0 2.0 Pedestrian -1.0 -1.0 -1.0 -1.0 -1.0 -1.0 -1.0 -1.0 -1.0 -1.0 6.896851663303569 -1.0 0.08101078526941857 -1.0
33.0 8.0 Pedestrian -1.0 -1.0 -1.0 -1.0 -1.0 -1.0 -1.0 -1.0 -1.0 -1.0 6.266102945919077 -1.0 -1.7246975854444215 -1.0
34.0 1.0 Pedestrian -1.0 -1.0 -1.0 -1.0 -1.0 -1.0 -1.0 -1.0 -1.0 -1.0 6.074962838376471 -1.0 2.7430908345771634 -1.0
34.0 13.0 Pedestrian -1.0 -1.0 -1.0 -1.0 -1.0 -1.0 -1.0 -1.0 -1.0 -1.0 6.210580228878796 -1.0 -1.2662050908679456 -1.0
34.0 15.0 Pedestrian -1.0 -1.0 -1.0 -1.0 -1.0 -1.0 -1.0 -1.0 -1.0 -1.0 5.585919537658572 -1.0 2.0426220130666493 -1.0
34.0 16.0 Pedestrian -1.0 -1.0 -1.0 -1.0 -1.0 -1.0 -1.0 -1.0 -1.0 -1.0 5.825274785589098 -1.0 -1.5405552344366311 -1.0
34.0 2.0 Pedestrian -1.0 -1.0 -1.0 -1.0 -1.0 -1.0 -1.0 -1.0 -1.0 -1.0 6.9298826372261395 -1.0 0.3019823976761934 -1.0
34.0 8.0 Pedestrian -1.0 -1.0 -1.0 -1.0 -1.0 -1.0 -1.0 -1.0 -1.0 -1.0 6.260327631712174 -1.0 -2.175553611702518 -1.0
35.0 1.0 Pedestrian -1.0 -1.0 -1.0 -1.0 -1.0 -1.0 -1.0 -1.0 -1.0 -1.0 6.431536660640975 -1.0 1.8176977980924494 -1.0
35.0 13.0 Pedestrian -1.0 -1.0 -1.0 -1.0 -1.0 -1.0 -1.0 -1.0 -1.0 -1.0 6.1617161802775975 -1.0 -1.2667549454650036 -1.0
35.0 15.0 Pedestrian -1.0 -1.0 -1.0 -1.0 -1.0 -1.0 -1.0 -1.0 -1.0 -1.0 5.585919537658572 -1.0 2.0426220130666493 -1.0
35.0 16.0 Pedestrian -1.0 -1.0 -1.0 -1.0 -1.0 -1.0 -1.0 -1.0 -1.0 -1.0 5.825274785589098 -1.0 -1.5405552344366311 -1.0
35.0 2.0 Pedestrian -1.0 -1.0 -1.0 -1.0 -1.0 -1.0 -1.0 -1.0 -1.0 -1.0 6.711133136100181 -1.0 1.1498421667693406 -1.0
35.0 8.0 Pedestrian -1.0 -1.0 -1.0 -1.0 -1.0 -1.0 -1.0 -1.0 -1.0 -1.0 6.132728874651456 -1.0 -2.165802373390519 -1.0
36.0 1.0 Pedestrian -1.0 -1.0 -1.0 -1.0 -1.0 -1.0 -1.0 -1.0 -1.0 -1.0 6.4474040972247355 -1.0 1.9769711654660012 -1.0
36.0 13.0 Pedestrian -1.0 -1.0 -1.0 -1.0 -1.0 -1.0 -1.0 -1.0 -1.0 -1.0 5.809074783741982 -1.0 -1.5821908667266327 -1.0
36.0 15.0 Pedestrian -1.0 -1.0 -1.0 -1.0 -1.0 -1.0 -1.0 -1.0 -1.0 -1.0 5.585919537658572 -1.0 2.0426220130666493 -1.0
36.0 16.0 Pedestrian -1.0 -1.0 -1.0 -1.0 -1.0 -1.0 -1.0 -1.0 -1.0 -1.0 5.825274785589098 -1.0 -1.5405552344366311 -1.0
36.0 17.0 Pedestrian -1.0 -1.0 -1.0 -1.0 -1.0 -1.0 -1.0 -1.0 -1.0 -1.0 6.8741283722668385 -1.0 0.31173755682648907 -1.0
36.0 2.0 Pedestrian -1.0 -1.0 -1.0 -1.0 -1.0 -1.0 -1.0 -1.0 -1.0 -1.0 6.357166904106529 -1.0 0.32804664431030073 -1.0
36.0 8.0 Pedestrian -1.0 -1.0 -1.0 -1.0 -1.0 -1.0 -1.0 -1.0 -1.0 -1.0 5.784620542059344 -1.0 -0.6022520179448823 -1.0
37.0 1.0 Pedestrian -1.0 -1.0 -1.0 -1.0 -1.0 -1.0 -1.0 -1.0 -1.0 -1.0 5.974814684010233 -1.0 2.090030917968526 -1.0
37.0 13.0 Pedestrian -1.0 -1.0 -1.0 -1.0 -1.0 -1.0 -1.0 -1.0 -1.0 -1.0 5.646900148681086 -1.0 -1.7001949196843036 -1.0
37.0 15.0 Pedestrian -1.0 -1.0 -1.0 -1.0 -1.0 -1.0 -1.0 -1.0 -1.0 -1.0 5.585919537658572 -1.0 2.0426220130666493 -1.0
37.0 16.0 Pedestrian -1.0 -1.0 -1.0 -1.0 -1.0 -1.0 -1.0 -1.0 -1.0 -1.0 5.825274785589098 -1.0 -1.5405552344366311 -1.0
37.0 17.0 Pedestrian -1.0 -1.0 -1.0 -1.0 -1.0 -1.0 -1.0 -1.0 -1.0 -1.0 6.8741283722668385 -1.0 0.31173755682648907 -1.0
37.0 2.0 Pedestrian -1.0 -1.0 -1.0 -1.0 -1.0 -1.0 -1.0 -1.0 -1.0 -1.0 6.112507696459453 -1.0 -0.3126470888713928 -1.0
37.0 8.0 Pedestrian -1.0 -1.0 -1.0 -1.0 -1.0 -1.0 -1.0 -1.0 -1.0 -1.0 5.691008662379069 -1.0 -0.5772711997725174 -1.0
38.0 1.0 Pedestrian -1.0 -1.0 -1.0 -1.0 -1.0 -1.0 -1.0 -1.0 -1.0 -1.0 5.63982103192275 -1.0 2.1395585391583043 -1.0
38.0 13.0 Pedestrian -1.0 -1.0 -1.0 -1.0 -1.0 -1.0 -1.0 -1.0 -1.0 -1.0 5.484725513620189 -1.0 -1.8181989726419745 -1.0
38.0 15.0 Pedestrian -1.0 -1.0 -1.0 -1.0 -1.0 -1.0 -1.0 -1.0 -1.0 -1.0 5.585919537658572 -1.0 2.0426220130666493 -1.0
38.0 16.0 Pedestrian -1.0 -1.0 -1.0 -1.0 -1.0 -1.0 -1.0 -1.0 -1.0 -1.0 5.825274785589098 -1.0 -1.5405552344366311 -1.0
38.0 17.0 Pedestrian -1.0 -1.0 -1.0 -1.0 -1.0 -1.0 -1.0 -1.0 -1.0 -1.0 6.8741283722668385 -1.0 0.31173755682648907 -1.0
38.0 2.0 Pedestrian -1.0 -1.0 -1.0 -1.0 -1.0 -1.0 -1.0 -1.0 -1.0 -1.0 5.892589034908862 -1.0 -0.8034029822376725 -1.0
38.0 8.0 Pedestrian -1.0 -1.0 -1.0 -1.0 -1.0 -1.0 -1.0 -1.0 -1.0 -1.0 5.597396782698794 -1.0 -0.5522903816001525 -1.0
39.0 1.0 Pedestrian -1.0 -1.0 -1.0 -1.0 -1.0 -1.0 -1.0 -1.0 -1.0 -1.0 5.702310464507175 -1.0 0.8536927491444641 -1.0
39.0 13.0 Pedestrian -1.0 -1.0 -1.0 -1.0 -1.0 -1.0 -1.0 -1.0 -1.0 -1.0 5.3225508785592925 -1.0 -1.9362030255996454 -1.0
39.0 17.0 Pedestrian -1.0 -1.0 -1.0 -1.0 -1.0 -1.0 -1.0 -1.0 -1.0 -1.0 6.8741283722668385 -1.0 0.31173755682648907 -1.0
39.0 2.0 Pedestrian -1.0 -1.0 -1.0 -1.0 -1.0 -1.0 -1.0 -1.0 -1.0 -1.0 5.492626005720799 -1.0 0.12572383504785278 -1.0
39.0 8.0 Pedestrian -1.0 -1.0 -1.0 -1.0 -1.0 -1.0 -1.0 -1.0 -1.0 -1.0 5.7168441354031225 -1.0 -1.2093642746034812 -1.0
40.0 1.0 Pedestrian -1.0 -1.0 -1.0 -1.0 -1.0 -1.0 -1.0 -1.0 -1.0 -1.0 5.6141496281135925 -1.0 0.7063433263788368 -1.0
40.0 13.0 Pedestrian -1.0 -1.0 -1.0 -1.0 -1.0 -1.0 -1.0 -1.0 -1.0 -1.0 5.624730191852318 -1.0 -1.7305141027972148 -1.0
40.0 17.0 Pedestrian -1.0 -1.0 -1.0 -1.0 -1.0 -1.0 -1.0 -1.0 -1.0 -1.0 6.876934099828027 -1.0 0.3118884452848681 -1.0
40.0 18.0 Pedestrian -1.0 -1.0 -1.0 -1.0 -1.0 -1.0 -1.0 -1.0 -1.0 -1.0 5.011275330504059 -1.0 1.9577028676291706 -1.0
40.0 19.0 Pedestrian -1.0 -1.0 -1.0 -1.0 -1.0 -1.0 -1.0 -1.0 -1.0 -1.0 5.689285360337376 -1.0 -1.6855138294891119 -1.0
40.0 2.0 Pedestrian -1.0 -1.0 -1.0 -1.0 -1.0 -1.0 -1.0 -1.0 -1.0 -1.0 5.296803805060503 -1.0 0.20545343671492464 -1.0
40.0 8.0 Pedestrian -1.0 -1.0 -1.0 -1.0 -1.0 -1.0 -1.0 -1.0 -1.0 -1.0 5.799508787927104 -1.0 -1.300379001091431 -1.0
41.0 1.0 Pedestrian -1.0 -1.0 -1.0 -1.0 -1.0 -1.0 -1.0 -1.0 -1.0 -1.0 5.728469770050557 -1.0 -0.3287605197609694 -1.0
41.0 13.0 Pedestrian -1.0 -1.0 -1.0 -1.0 -1.0 -1.0 -1.0 -1.0 -1.0 -1.0 5.543638924672778 -1.0 -1.7919963651526807 -1.0
41.0 17.0 Pedestrian -1.0 -1.0 -1.0 -1.0 -1.0 -1.0 -1.0 -1.0 -1.0 -1.0 6.877594300141011 -1.0 0.31192395001769585 -1.0
41.0 18.0 Pedestrian -1.0 -1.0 -1.0 -1.0 -1.0 -1.0 -1.0 -1.0 -1.0 -1.0 5.011275330504059 -1.0 1.9577028676291706 -1.0
41.0 19.0 Pedestrian -1.0 -1.0 -1.0 -1.0 -1.0 -1.0 -1.0 -1.0 -1.0 -1.0 5.689285360337376 -1.0 -1.6855138294891119 -1.0
41.0 2.0 Pedestrian -1.0 -1.0 -1.0 -1.0 -1.0 -1.0 -1.0 -1.0 -1.0 -1.0 5.080137669497756 -1.0 1.090279972964767 -1.0
41.0 8.0 Pedestrian -1.0 -1.0 -1.0 -1.0 -1.0 -1.0 -1.0 -1.0 -1.0 -1.0 5.750276012049152 -1.0 -1.4544144706202347 -1.0
42.0 1.0 Pedestrian -1.0 -1.0 -1.0 -1.0 -1.0 -1.0 -1.0 -1.0 -1.0 -1.0 5.784567174266335 -1.0 -0.9437213052671158 -1.0
42.0 13.0 Pedestrian -1.0 -1.0 -1.0 -1.0 -1.0 -1.0 -1.0 -1.0 -1.0 -1.0 5.55369496940068 -1.0 -1.6665453138714001 -1.0
42.0 17.0 Pedestrian -1.0 -1.0 -1.0 -1.0 -1.0 -1.0 -1.0 -1.0 -1.0 -1.0 6.878254500453995 -1.0 0.3119594547505236 -1.0
42.0 18.0 Pedestrian -1.0 -1.0 -1.0 -1.0 -1.0 -1.0 -1.0 -1.0 -1.0 -1.0 5.011275330504059 -1.0 1.9577028676291706 -1.0
42.0 19.0 Pedestrian -1.0 -1.0 -1.0 -1.0 -1.0 -1.0 -1.0 -1.0 -1.0 -1.0 5.689285360337376 -1.0 -1.6855138294891119 -1.0
42.0 2.0 Pedestrian -1.0 -1.0 -1.0 -1.0 -1.0 -1.0 -1.0 -1.0 -1.0 -1.0 5.712799049553828 -1.0 0.9030328960482529 -1.0
42.0 8.0 Pedestrian -1.0 -1.0 -1.0 -1.0 -1.0 -1.0 -1.0 -1.0 -1.0 -1.0 5.4483994056183835 -1.0 -0.20156446851927967 -1.0
43.0 1.0 Pedestrian -1.0 -1.0 -1.0 -1.0 -1.0 -1.0 -1.0 -1.0 -1.0 -1.0 5.815733325800831 -1.0 -1.3670993767942767 -1.0
43.0 13.0 Pedestrian -1.0 -1.0 -1.0 -1.0 -1.0 -1.0 -1.0 -1.0 -1.0 -1.0 5.4874781453465875 -1.0 -1.6975216964180937 -1.0
43.0 17.0 Pedestrian -1.0 -1.0 -1.0 -1.0 -1.0 -1.0 -1.0 -1.0 -1.0 -1.0 6.878914700766979 -1.0 0.3119949594833514 -1.0
43.0 18.0 Pedestrian -1.0 -1.0 -1.0 -1.0 -1.0 -1.0 -1.0 -1.0 -1.0 -1.0 5.011275330504059 -1.0 1.9577028676291706 -1.0
43.0 19.0 Pedestrian -1.0 -1.0 -1.0 -1.0 -1.0 -1.0 -1.0 -1.0 -1.0 -1.0 5.689285360337376 -1.0 -1.6855138294891119 -1.0
43.0 2.0 Pedestrian -1.0 -1.0 -1.0 -1.0 -1.0 -1.0 -1.0 -1.0 -1.0 -1.0 5.356310534417975 -1.0 1.404183976387389 -1.0
43.0 8.0 Pedestrian -1.0 -1.0 -1.0 -1.0 -1.0 -1.0 -1.0 -1.0 -1.0 -1.0 5.533519987652343 -1.0 -0.6811398053568961 -1.0
44.0 1.0 Pedestrian -1.0 -1.0 -1.0 -1.0 -1.0 -1.0 -1.0 -1.0 -1.0 -1.0 5.732009170950494 -1.0 -1.767448658831728 -1.0
44.0 13.0 Pedestrian -1.0 -1.0 -1.0 -1.0 -1.0 -1.0 -1.0 -1.0 -1.0 -1.0 5.421261321292495 -1.0 -1.7284980789647872 -1.0
44.0 17.0 Pedestrian -1.0 -1.0 -1.0 -1.0 -1.0 -1.0 -1.0 -1.0 -1.0 -1.0 6.8795749010799625 -1.0 0.31203046421617914 -1.0
44.0 18.0 Pedestrian -1.0 -1.0 -1.0 -1.0 -1.0 -1.0 -1.0 -1.0 -1.0 -1.0 5.011275330504059 -1.0 1.9577028676291706 -1.0
44.0 19.0 Pedestrian -1.0 -1.0 -1.0 -1.0 -1.0 -1.0 -1.0 -1.0 -1.0 -1.0 5.689285360337376 -1.0 -1.6855138294891119 -1.0
44.0 2.0 Pedestrian -1.0 -1.0 -1.0 -1.0 -1.0 -1.0 -1.0 -1.0 -1.0 -1.0 5.050984549362931 -1.0 1.7507535612891374 -1.0
44.0 8.0 Pedestrian -1.0 -1.0 -1.0 -1.0 -1.0 -1.0 -1.0 -1.0 -1.0 -1.0 5.533154114483247 -1.0 -1.070644000216223 -1.0
45.0 1.0 Pedestrian -1.0 -1.0 -1.0 -1.0 -1.0 -1.0 -1.0 -1.0 -1.0 -1.0 5.407191013457253 -1.0 -0.6004031618900454 -1.0
45.0 13.0 Pedestrian -1.0 -1.0 -1.0 -1.0 -1.0 -1.0 -1.0 -1.0 -1.0 -1.0 5.355044497238403 -1.0 -1.7594744615114808 -1.0
45.0 2.0 Pedestrian -1.0 -1.0 -1.0 -1.0 -1.0 -1.0 -1.0 -1.0 -1.0 -1.0 5.645398457993122 -1.0 1.361193934340398 -1.0
45.0 8.0 Pedestrian -1.0 -1.0 -1.0 -1.0 -1.0 -1.0 -1.0 -1.0 -1.0 -1.0 5.640902470585579 -1.0 -1.362911434425913 -1.0
46.0 1.0 Pedestrian -1.0 -1.0 -1.0 -1.0 -1.0 -1.0 -1.0 -1.0 -1.0 -1.0 5.3145355639060075 -1.0 -0.6601278280682497 -1.0
46.0 13.0 Pedestrian -1.0 -1.0 -1.0 -1.0 -1.0 -1.0 -1.0 -1.0 -1.0 -1.0 5.6046093401045995 -1.0 -1.7726887052359468 -1.0
46.0 2.0 Pedestrian -1.0 -1.0 -1.0 -1.0 -1.0 -1.0 -1.0 -1.0 -1.0 -1.0 5.659052325795571 -1.0 1.4771685161748966 -1.0
46.0 20.0 Pedestrian -1.0 -1.0 -1.0 -1.0 -1.0 -1.0 -1.0 -1.0 -1.0 -1.0 5.0892665600314135 -1.0 2.089476493467808 -1.0
46.0 21.0 Pedestrian -1.0 -1.0 -1.0 -1.0 -1.0 -1.0 -1.0 -1.0 -1.0 -1.0 6.891844049932661 -1.0 0.2770601249874625 -1.0
46.0 8.0 Pedestrian -1.0 -1.0 -1.0 -1.0 -1.0 -1.0 -1.0 -1.0 -1.0 -1.0 5.788299582384156 -1.0 -1.5372171406898316 -1.0
47.0 1.0 Pedestrian -1.0 -1.0 -1.0 -1.0 -1.0 -1.0 -1.0 -1.0 -1.0 -1.0 5.221880114354762 -1.0 -0.7198524942464539 -1.0
47.0 13.0 Pedestrian -1.0 -1.0 -1.0 -1.0 -1.0 -1.0 -1.0 -1.0 -1.0 -1.0 5.271835462112458 -1.0 0.13114554179586513 -1.0
47.0 2.0 Pedestrian -1.0 -1.0 -1.0 -1.0 -1.0 -1.0 -1.0 -1.0 -1.0 -1.0 5.861399840418189 -1.0 0.051831696821912354 -1.0
47.0 20.0 Pedestrian -1.0 -1.0 -1.0 -1.0 -1.0 -1.0 -1.0 -1.0 -1.0 -1.0 6.868042315973267 -1.0 0.320731815260364 -1.0
47.0 21.0 Pedestrian -1.0 -1.0 -1.0 -1.0 -1.0 -1.0 -1.0 -1.0 -1.0 -1.0 6.891844049932661 -1.0 0.2770601249874625 -1.0
47.0 22.0 Pedestrian -1.0 -1.0 -1.0 -1.0 -1.0 -1.0 -1.0 -1.0 -1.0 -1.0 6.407215440536499 -1.0 -1.7301211685962674 -1.0
47.0 8.0 Pedestrian -1.0 -1.0 -1.0 -1.0 -1.0 -1.0 -1.0 -1.0 -1.0 -1.0 5.910154140701992 -1.0 -1.6974322182998658 -1.0
48.0 1.0 Pedestrian -1.0 -1.0 -1.0 -1.0 -1.0 -1.0 -1.0 -1.0 -1.0 -1.0 5.129224664803516 -1.0 -0.7795771604246582 -1.0
48.0 13.0 Pedestrian -1.0 -1.0 -1.0 -1.0 -1.0 -1.0 -1.0 -1.0 -1.0 -1.0 5.20245065932802 -1.0 0.41437704262460734 -1.0
48.0 2.0 Pedestrian -1.0 -1.0 -1.0 -1.0 -1.0 -1.0 -1.0 -1.0 -1.0 -1.0 5.986172617025643 -1.0 -0.8229944067328446 -1.0
48.0 20.0 Pedestrian -1.0 -1.0 -1.0 -1.0 -1.0 -1.0 -1.0 -1.0 -1.0 -1.0 6.910910742615254 -1.0 0.29638909974340866 -1.0
48.0 21.0 Pedestrian -1.0 -1.0 -1.0 -1.0 -1.0 -1.0 -1.0 -1.0 -1.0 -1.0 6.3913871350252505 -1.0 -1.7206438721730248 -1.0
48.0 22.0 Pedestrian -1.0 -1.0 -1.0 -1.0 -1.0 -1.0 -1.0 -1.0 -1.0 -1.0 6.407215440536499 -1.0 -1.7301211685962674 -1.0
48.0 23.0 Pedestrian -1.0 -1.0 -1.0 -1.0 -1.0 -1.0 -1.0 -1.0 -1.0 -1.0 4.909606205240846 -1.0 2.0855695926510096 -1.0
48.0 24.0 Pedestrian -1.0 -1.0 -1.0 -1.0 -1.0 -1.0 -1.0 -1.0 -1.0 -1.0 6.128070164512396 -1.0 -1.6710373942053318 -1.0
48.0 25.0 Pedestrian -1.0 -1.0 -1.0 -1.0 -1.0 -1.0 -1.0 -1.0 -1.0 -1.0 6.390386281246663 -1.0 -1.7246390404572485 -1.0
48.0 8.0 Pedestrian -1.0 -1.0 -1.0 -1.0 -1.0 -1.0 -1.0 -1.0 -1.0 -1.0 5.956517224031264 -1.0 -1.829028983266602 -1.0
49.0 1.0 Pedestrian -1.0 -1.0 -1.0 -1.0 -1.0 -1.0 -1.0 -1.0 -1.0 -1.0 6.25382566169267 -1.0 -0.07929315553949134 -1.0
49.0 13.0 Pedestrian -1.0 -1.0 -1.0 -1.0 -1.0 -1.0 -1.0 -1.0 -1.0 -1.0 5.784970347937974 -1.0 -0.5445124155451012 -1.0
49.0 2.0 Pedestrian -1.0 -1.0 -1.0 -1.0 -1.0 -1.0 -1.0 -1.0 -1.0 -1.0 5.661374571113117 -1.0 0.16077565918250514 -1.0
49.0 20.0 Pedestrian -1.0 -1.0 -1.0 -1.0 -1.0 -1.0 -1.0 -1.0 -1.0 -1.0 6.978115363870277 -1.0 0.24732176433195419 -1.0
49.0 21.0 Pedestrian -1.0 -1.0 -1.0 -1.0 -1.0 -1.0 -1.0 -1.0 -1.0 -1.0 6.1912063707698435 -1.0 -2.5197174807006513 -1.0
49.0 22.0 Pedestrian -1.0 -1.0 -1.0 -1.0 -1.0 -1.0 -1.0 -1.0 -1.0 -1.0 6.407215440536499 -1.0 -1.7301211685962674 -1.0
49.0 23.0 Pedestrian -1.0 -1.0 -1.0 -1.0 -1.0 -1.0 -1.0 -1.0 -1.0 -1.0 4.909606205240846 -1.0 2.0855695926510096 -1.0
49.0 24.0 Pedestrian -1.0 -1.0 -1.0 -1.0 -1.0 -1.0 -1.0 -1.0 -1.0 -1.0 6.128070164512396 -1.0 -1.6710373942053318 -1.0
49.0 25.0 Pedestrian -1.0 -1.0 -1.0 -1.0 -1.0 -1.0 -1.0 -1.0 -1.0 -1.0 6.390386281246663 -1.0 -1.7246390404572485 -1.0
49.0 8.0 Pedestrian -1.0 -1.0 -1.0 -1.0 -1.0 -1.0 -1.0 -1.0 -1.0 -1.0 6.118674224159189 -1.0 -1.8095247384514896 -1.0
50.0 1.0 Pedestrian -1.0 -1.0 -1.0 -1.0 -1.0 -1.0 -1.0 -1.0 -1.0 -1.0 6.629087607958078 -1.0 0.12945377125272584 -1.0
50.0 13.0 Pedestrian -1.0 -1.0 -1.0 -1.0 -1.0 -1.0 -1.0 -1.0 -1.0 -1.0 6.086825930703387 -1.0 -1.0247425637571417 -1.0
50.0 2.0 Pedestrian -1.0 -1.0 -1.0 -1.0 -1.0 -1.0 -1.0 -1.0 -1.0 -1.0 5.915007746992242 -1.0 -0.5597201238219603 -1.0
50.0 20.0 Pedestrian -1.0 -1.0 -1.0 -1.0 -1.0 -1.0 -1.0 -1.0 -1.0 -1.0 7.0453199851253 -1.0 0.19825442892049971 -1.0
50.0 21.0 Pedestrian -1.0 -1.0 -1.0 -1.0 -1.0 -1.0 -1.0 -1.0 -1.0 -1.0 5.9910256065144365 -1.0 -3.3187910892282777 -1.0
50.0 22.0 Pedestrian -1.0 -1.0 -1.0 -1.0 -1.0 -1.0 -1.0 -1.0 -1.0 -1.0 6.407215440536499 -1.0 -1.7301211685962674 -1.0
50.0 23.0 Pedestrian -1.0 -1.0 -1.0 -1.0 -1.0 -1.0 -1.0 -1.0 -1.0 -1.0 4.909606205240846 -1.0 2.0855695926510096 -1.0
50.0 24.0 Pedestrian -1.0 -1.0 -1.0 -1.0 -1.0 -1.0 -1.0 -1.0 -1.0 -1.0 6.128070164512396 -1.0 -1.6710373942053318 -1.0
50.0 25.0 Pedestrian -1.0 -1.0 -1.0 -1.0 -1.0 -1.0 -1.0 -1.0 -1.0 -1.0 6.390386281246663 -1.0 -1.7246390404572485 -1.0
50.0 8.0 Pedestrian -1.0 -1.0 -1.0 -1.0 -1.0 -1.0 -1.0 -1.0 -1.0 -1.0 5.831069310972961 -1.0 -0.06824808223019097 -1.0
51.0 1.0 Pedestrian -1.0 -1.0 -1.0 -1.0 -1.0 -1.0 -1.0 -1.0 -1.0 -1.0 6.635396343048137 -1.0 -0.5900268119738177 -1.0
51.0 13.0 Pedestrian -1.0 -1.0 -1.0 -1.0 -1.0 -1.0 -1.0 -1.0 -1.0 -1.0 6.183723249203586 -1.0 -1.0690396025654867 -1.0
51.0 2.0 Pedestrian -1.0 -1.0 -1.0 -1.0 -1.0 -1.0 -1.0 -1.0 -1.0 -1.0 5.679706608536561 -1.0 0.4346778503141763 -1.0
51.0 20.0 Pedestrian -1.0 -1.0 -1.0 -1.0 -1.0 -1.0 -1.0 -1.0 -1.0 -1.0 7.1125246063803225 -1.0 0.14918709350904524 -1.0
51.0 21.0 Pedestrian -1.0 -1.0 -1.0 -1.0 -1.0 -1.0 -1.0 -1.0 -1.0 -1.0 5.7908448422590295 -1.0 -4.117864697755904 -1.0
51.0 22.0 Pedestrian -1.0 -1.0 -1.0 -1.0 -1.0 -1.0 -1.0 -1.0 -1.0 -1.0 6.407215440536499 -1.0 -1.7301211685962674 -1.0
51.0 23.0 Pedestrian -1.0 -1.0 -1.0 -1.0 -1.0 -1.0 -1.0 -1.0 -1.0 -1.0 4.909606205240846 -1.0 2.0855695926510096 -1.0
51.0 24.0 Pedestrian -1.0 -1.0 -1.0 -1.0 -1.0 -1.0 -1.0 -1.0 -1.0 -1.0 6.128070164512396 -1.0 -1.6710373942053318 -1.0
51.0 25.0 Pedestrian -1.0 -1.0 -1.0 -1.0 -1.0 -1.0 -1.0 -1.0 -1.0 -1.0 6.390386281246663 -1.0 -1.7246390404572485 -1.0
51.0 8.0 Pedestrian -1.0 -1.0 -1.0 -1.0 -1.0 -1.0 -1.0 -1.0 -1.0 -1.0 6.043948251019985 -1.0 -0.5402241933211682 -1.0
52.0 1.0 Pedestrian -1.0 -1.0 -1.0 -1.0 -1.0 -1.0 -1.0 -1.0 -1.0 -1.0 6.63936052048866 -1.0 -1.0671518745892263 -1.0
52.0 13.0 Pedestrian -1.0 -1.0 -1.0 -1.0 -1.0 -1.0 -1.0 -1.0 -1.0 -1.0 6.280620567703785 -1.0 -1.1133366413738317 -1.0
52.0 2.0 Pedestrian -1.0 -1.0 -1.0 -1.0 -1.0 -1.0 -1.0 -1.0 -1.0 -1.0 5.663217982585165 -1.0 0.4873962016884319 -1.0
52.0 20.0 Pedestrian -1.0 -1.0 -1.0 -1.0 -1.0 -1.0 -1.0 -1.0 -1.0 -1.0 7.179729227635345 -1.0 0.10011975809759077 -1.0
52.0 21.0 Pedestrian -1.0 -1.0 -1.0 -1.0 -1.0 -1.0 -1.0 -1.0 -1.0 -1.0 5.5906640780036225 -1.0 -4.91693830628353 -1.0
52.0 23.0 Pedestrian -1.0 -1.0 -1.0 -1.0 -1.0 -1.0 -1.0 -1.0 -1.0 -1.0 4.909606205240846 -1.0 2.0855695926510096 -1.0
52.0 24.0 Pedestrian -1.0 -1.0 -1.0 -1.0 -1.0 -1.0 -1.0 -1.0 -1.0 -1.0 6.128070164512396 -1.0 -1.6710373942053318 -1.0
52.0 25.0 Pedestrian -1.0 -1.0 -1.0 -1.0 -1.0 -1.0 -1.0 -1.0 -1.0 -1.0 6.390386281246663 -1.0 -1.7246390404572485 -1.0
52.0 26.0 Pedestrian -1.0 -1.0 -1.0 -1.0 -1.0 -1.0 -1.0 -1.0 -1.0 -1.0 5.948624418565034 -1.0 2.8916984416496754 -1.0
52.0 8.0 Pedestrian -1.0 -1.0 -1.0 -1.0 -1.0 -1.0 -1.0 -1.0 -1.0 -1.0 6.196158315111875 -1.0 -0.9005507186812306 -1.0
53.0 1.0 Pedestrian -1.0 -1.0 -1.0 -1.0 -1.0 -1.0 -1.0 -1.0 -1.0 -1.0 6.6333724601455115 -1.0 -1.406697704204514 -1.0
53.0 13.0 Pedestrian -1.0 -1.0 -1.0 -1.0 -1.0 -1.0 -1.0 -1.0 -1.0 -1.0 6.377517886203984 -1.0 -1.1576336801821767 -1.0
53.0 2.0 Pedestrian -1.0 -1.0 -1.0 -1.0 -1.0 -1.0 -1.0 -1.0 -1.0 -1.0 5.495612490859842 -1.0 1.5490075593914625 -1.0
53.0 26.0 Pedestrian -1.0 -1.0 -1.0 -1.0 -1.0 -1.0 -1.0 -1.0 -1.0 -1.0 5.948624418565034 -1.0 2.8916984416496754 -1.0
53.0 8.0 Pedestrian -1.0 -1.0 -1.0 -1.0 -1.0 -1.0 -1.0 -1.0 -1.0 -1.0 6.260873847135773 -1.0 -0.8820242362150135 -1.0
54.0 1.0 Pedestrian -1.0 -1.0 -1.0 -1.0 -1.0 -1.0 -1.0 -1.0 -1.0 -1.0 6.618249258309643 -1.0 -1.6459987161700078 -1.0
54.0 13.0 Pedestrian -1.0 -1.0 -1.0 -1.0 -1.0 -1.0 -1.0 -1.0 -1.0 -1.0 6.474415204704183 -1.0 -1.2019307189905217 -1.0
54.0 2.0 Pedestrian -1.0 -1.0 -1.0 -1.0 -1.0 -1.0 -1.0 -1.0 -1.0 -1.0 5.582400993646594 -1.0 2.249493883615564 -1.0
54.0 26.0 Pedestrian -1.0 -1.0 -1.0 -1.0 -1.0 -1.0 -1.0 -1.0 -1.0 -1.0 5.948624418565034 -1.0 2.8916984416496754 -1.0
54.0 8.0 Pedestrian -1.0 -1.0 -1.0 -1.0 -1.0 -1.0 -1.0 -1.0 -1.0 -1.0 6.325589379159672 -1.0 -0.8634977537487963 -1.0
55.0 1.0 Pedestrian -1.0 -1.0 -1.0 -1.0 -1.0 -1.0 -1.0 -1.0 -1.0 -1.0 6.651037459478349 -1.0 -1.7948288109973285 -1.0
55.0 2.0 Pedestrian -1.0 -1.0 -1.0 -1.0 -1.0 -1.0 -1.0 -1.0 -1.0 -1.0 5.924104311723952 -1.0 0.9016642623506657 -1.0
55.0 26.0 Pedestrian -1.0 -1.0 -1.0 -1.0 -1.0 -1.0 -1.0 -1.0 -1.0 -1.0 5.948624418565034 -1.0 2.8916984416496754 -1.0
55.0 8.0 Pedestrian -1.0 -1.0 -1.0 -1.0 -1.0 -1.0 -1.0 -1.0 -1.0 -1.0 6.130286734312338 -1.0 1.3429511652570105 -1.0
56.0 1.0 Pedestrian -1.0 -1.0 -1.0 -1.0 -1.0 -1.0 -1.0 -1.0 -1.0 -1.0 6.669513410674719 -1.0 -1.8840669398030854 -1.0
56.0 2.0 Pedestrian -1.0 -1.0 -1.0 -1.0 -1.0 -1.0 -1.0 -1.0 -1.0 -1.0 5.9774464542765715 -1.0 0.9027113056973131 -1.0
56.0 26.0 Pedestrian -1.0 -1.0 -1.0 -1.0 -1.0 -1.0 -1.0 -1.0 -1.0 -1.0 5.907743288124929 -1.0 3.029611030055029 -1.0
56.0 27.0 Pedestrian -1.0 -1.0 -1.0 -1.0 -1.0 -1.0 -1.0 -1.0 -1.0 -1.0 6.467432161538243 -1.0 -1.7133775304864645 -1.0
56.0 28.0 Pedestrian -1.0 -1.0 -1.0 -1.0 -1.0 -1.0 -1.0 -1.0 -1.0 -1.0 6.467432161538243 -1.0 -1.7133775304864645 -1.0
56.0 8.0 Pedestrian -1.0 -1.0 -1.0 -1.0 -1.0 -1.0 -1.0 -1.0 -1.0 -1.0 6.147141677899784 -1.0 1.7642004747429687 -1.0
57.0 1.0 Pedestrian -1.0 -1.0 -1.0 -1.0 -1.0 -1.0 -1.0 -1.0 -1.0 -1.0 6.413466215703433 -1.0 -0.15115431486735842 -1.0
57.0 2.0 Pedestrian -1.0 -1.0 -1.0 -1.0 -1.0 -1.0 -1.0 -1.0 -1.0 -1.0 6.267088058496168 -1.0 -0.3635076610772434 -1.0
57.0 26.0 Pedestrian -1.0 -1.0 -1.0 -1.0 -1.0 -1.0 -1.0 -1.0 -1.0 -1.0 5.898123774282943 -1.0 3.0620624823232867 -1.0
57.0 27.0 Pedestrian -1.0 -1.0 -1.0 -1.0 -1.0 -1.0 -1.0 -1.0 -1.0 -1.0 6.467432161538243 -1.0 -1.7133775304864645 -1.0
57.0 28.0 Pedestrian -1.0 -1.0 -1.0 -1.0 -1.0 -1.0 -1.0 -1.0 -1.0 -1.0 6.467432161538243 -1.0 -1.7133775304864645 -1.0
57.0 8.0 Pedestrian -1.0 -1.0 -1.0 -1.0 -1.0 -1.0 -1.0 -1.0 -1.0 -1.0 6.434289177424426 -1.0 0.024844819713170097 -1.0
58.0 1.0 Pedestrian -1.0 -1.0 -1.0 -1.0 -1.0 -1.0 -1.0 -1.0 -1.0 -1.0 6.214980814019679 -1.0 1.1709512296425335 -1.0
58.0 2.0 Pedestrian -1.0 -1.0 -1.0 -1.0 -1.0 -1.0 -1.0 -1.0 -1.0 -1.0 6.409808211923836 -1.0 -1.0774137833396855 -1.0
58.0 26.0 Pedestrian -1.0 -1.0 -1.0 -1.0 -1.0 -1.0 -1.0 -1.0 -1.0 -1.0 5.888504260440956 -1.0 3.0945139345915442 -1.0
58.0 27.0 Pedestrian -1.0 -1.0 -1.0 -1.0 -1.0 -1.0 -1.0 -1.0 -1.0 -1.0 6.467432161538243 -1.0 -1.7133775304864645 -1.0
58.0 28.0 Pedestrian -1.0 -1.0 -1.0 -1.0 -1.0 -1.0 -1.0 -1.0 -1.0 -1.0 6.467432161538243 -1.0 -1.7133775304864645 -1.0
58.0 8.0 Pedestrian -1.0 -1.0 -1.0 -1.0 -1.0 -1.0 -1.0 -1.0 -1.0 -1.0 6.720591086532901 -1.0 -0.6102834755207827 -1.0
