0 1 5.298356905032039 -1 -1.7249532436310053 0.0 -1 0.0 
0 2 5.566509039354086 -1 -1.7779475940687655 0.0 -1 0.0 
0 3 5.895934770927489 -1 0.812922246764481 0.0 -1 0.0 
1 1 5.2906685184677 -1 -1.7303394577727258 -0.0038440010821154257 -1 -0.0026929724222391057 
1 2 5.522473723338001 -1 -1.7932159793930214 -0.022016557180183822 -1 -0.007633810971579344 
1 3 5.92579681004013 -1 0.8134958716558403 0.014930273042668345 -1 0.00028679810577434534 
2 1 5.318354559052573 -1 -1.7545021623033248 0.026779550441012042 -1 -0.023545448747903614 
2 2 5.483526260407374 -1 -1.7934835513265193 -0.03846069861386726 -1 -0.0004793516436509262 
2 3 5.932875659116018 -1 0.7991151174980428 0.0073045778749915476 -1 -0.01395906135758075 
3 1 5.315777233460513 -1 -1.7700815178894216 0.009326824122295931 -1 -0.018809589127629887 
3 2 5.536113690185548 -1 -1.7903217882342546 0.01566761070853636 -1 0.0016852989448309388 
3 3 5.904612900571786 -1 0.7882997028646916 -0.013840280580352759 -1 -0.012090156578376776 
4 1 5.317459502375573 -1 -1.781411297277732 0.006050237006569103 -1 -0.015603614737289833 
4 2 5.511832024337607 -1 -1.7845030278940623 -0.0014553325234843012 -1 0.0034569711983811705 
4 3 5.9091962626568595 -1 0.7865566116282833 -0.005943592212513737 -1 -0.0076552273946641075 
5 1 5.320695773763825 -1 -1.7933627618922043 0.00509804803353648 -1 -0.014367801103970691 
5 2 5.494598091787114 -1 -1.7890447797858384 -0.006794491203255073 -1 0.0007503653055393337 
5 3 5.897213519568965 -1 0.7957359756862427 -0.007987118555759714 -1 -0.001958742603819866 
6 1 5.274813632591505 -1 -1.8039446944569455 -0.009400719104414956 -1 -0.013291099992808883 
6 2 5.487803600583859 -1 -1.788294414480299 -0.006794491203255073 -1 0.0007503653055393337 
6 3 5.889226401013205 -1 0.7937772330824228 -0.007987118555759714 -1 -0.001958742603819866 
6 4 6.465410128863454 -1 -1.066771581453681 0.0 -1 0.0 
7 1 5.255309128891796 -1 -1.8108121651000582 -0.011938928092341924 -1 -0.011677396375443258 
7 2 5.4258693497117765 -1 -1.795002274954084 -0.019791995440888773 -1 -0.0010076822767173378 
7 3 6.256775814739754 -1 -0.43930858797139816 0.0805340810113295 -1 -0.2921591264162631 
7 4 6.465410128863454 -1 -1.066771581453681 0.0 -1 0.0 
8 1 5.217270713414334 -1 -1.8156407741793725 -0.017975350134247708 -1 -0.01009337405406053 
8 2 5.282707077462269 -1 -1.7991035983415213 -0.0462722853971453 -1 -0.0016717037554041753 
8 3 6.337309895751083 -1 -0.7314677143876613 0.0805340810113295 -1 -0.2921591264162631 
8 4 6.476001970276503 -1 -1.135172123892795 0.004236694200395954 -1 -0.02735994338989099 
8 5 5.853410895992875 -1 0.7455967459450961 0.0 -1 0.0 
